0.041750 82
4.033090 1
0.216951 1
0.213210 1
0.167443 1
0.002851 1
0.626159 1
0.007996 1
0.209978 1
0.419798 1
0.421880 1
2.074867 11
1.222145 69
0.508276 55
2.233366 33
1.967354 33
0.205296 33
1.454469 33
1.751550 33
2.625579 12
0.091507 63
0.000026 2
1.064919 82
0.000050 2
1.808873 70
0.000168 2
0.286894 77
0.000611 37
0.232578 40
0.000165 2
0.223677 58
0.000018 2
0.660345 34
0.000149 2
0.617471 80
0.000306 2
0.525791 48
0.000132 2
0.002836 42
0.000152 2
0.001367 49
0.000076 2
92.483792 61
7.422729 174
3.027486 84
1.398241 78
1.148217 88
1.182828 48
2.344045 72
6.712582 83
0.000527 2
0.004855 4
0.001228 118
0.000629 2
0.005047 4
0.004061 60
0.000144 2
0.235682 36
0.007752 60
0.251574 84
0.000608 398
0.263610 237
0.105790 82
192.921228 1
0.209893 1
0.208032 1
0.215815 1
0.210601 1
0.505388 1
0.205417 1
0.209858 1
0.585582 1
0.208804 1
0.209893 1
1.597693 11
2.700985 61
4.336468 1
0.376677 1
0.431496 1
0.213870 1
0.203441 1
0.159012 1
0.428775 1
0.282713 2
0.159392 55
28.669883 61
2.551921 2
0.097700 55
27.777868 104
0.521388 2
0.039016 55
20.360967 13
1.432936 2
0.512058 45
0.527664 173
0.203503 173
0.424528 173
0.232492 173
0.295851 173
0.350281 173
0.325975 173
0.311234 173
0.396459 173
0.361653 173
0.295788 173
0.312882 173
0.370265 173
0.348593 173
0.317835 173
0.337699 173
0.346988 173
0.344735 173
0.307258 173
0.358495 174
2.665827 173
0.413262 173
0.464304 173
0.328450 173
0.421704 173
0.326327 173
0.356403 173
0.318248 173
0.300251 173
0.341846 173
0.317193 173
0.323628 173
0.363171 173
0.311084 173
0.306613 173
0.237405 174
1.458817 173
0.201750 173
0.414447 173
0.497294 173
0.583517 173
0.194205 173
0.364109 173
0.353044 173
0.360705 173
0.166315 174
1.701232 24
0.118614 4095
0.003150 4095
0.000050 3586
0.000062 4017
0.000429 4095
0.009625 4095
0.004859 4095
0.000025 4095
0.000030 3906
0.006693 4095
0.012422 4095
0.001810 3475
0.116200 173
0.296849 173
0.377705 173
0.464851 173
0.309788 173
0.299180 173
0.310075 173
0.331241 173
0.095889 347
0.458457 173
0.294379 173
0.307799 173
0.356351 173
0.345620 173
0.309440 173
0.319689 173
0.337781 173
0.320119 173
0.366657 347
0.316089 173
0.733760 520
0.308054 173
0.334385 173
0.078951 347
0.302584 173
0.314244 173
0.107194 347
0.293730 173
0.277721 347
0.295874 173
0.284541 347
0.286256 173
0.272787 347
0.297944 173
0.385485 173
0.218336 173
0.084645 347
0.328000 173
0.326110 173
0.290058 520
0.392096 173
0.231357 173
0.295467 173
0.144152 347
0.310832 173
0.431735 172
0.013573 175
0.131808 347
0.429748 173
0.201405 173
0.070076 347
0.291565 173
0.174520 347
0.171012 347
0.320386 173
0.223943 347
0.296330 173
0.304091 173
0.024977 347
0.317104 173
0.252566 347
0.290803 173
0.210173 347
0.129616 347
0.305571 173
0.336189 173
0.365856 173
0.271586 173
0.285481 173
0.385870 347
0.187544 347
0.301000 173
0.166425 347
0.132517 347
0.344429 173
0.166628 347
0.087193 347
0.378217 173
0.094986 347
0.316092 173
0.379453 173
0.097149 172
0.033695 522
0.311357 173
0.304277 347
0.111916 347
0.230170 173
0.251079 347
0.123690 347
0.260135 173
0.217994 347
0.153089 347
0.300287 173
0.182747 347
0.312585 173
0.231271 347
0.346723 173
0.123193 347
0.190614 347
0.299147 173
0.057559 347
0.225086 347
0.301848 173
0.077106 347
0.256173 347
0.242147 347
0.168830 347
0.305606 173
0.037097 347
0.478352 867
0.351200 173
0.052263 347
0.157871 347
0.173283 347
0.398876 173
0.085772 172
0.030011 175
0.202883 347
0.298570 173
0.142590 347
0.068013 347
0.110990 347
0.318878 173
0.135577 347
0.129471 347
0.317451 520
0.198794 347
0.098994 347
0.343247 520
0.111400 347
0.291460 173
0.236918 347
0.087638 347
0.295086 173
0.203792 347
0.211024 347
0.245679 347
0.219994 347
0.110793 347
0.384343 520
0.314751 173
0.237940 694
0.298259 173
0.287462 347
0.099777 347
0.279647 172
0.002138 175
0.308883 173
0.300697 173
0.320366 173
0.201281 172
0.090518 175
0.209907 173
0.305714 173
0.213695 347
0.310230 173
0.076470 172
0.016972 175
0.292382 173
0.299243 173
0.100184 172
0.013960 175
0.065255 347
0.263357 173
0.181062 347
0.323131 347
0.293208 347
0.308311 347
0.282381 173
0.341396 520
0.298719 173
0.030655 347
0.298799 173
0.049247 347
0.020579 347
0.298224 347
0.252922 694
0.306417 173
0.336214 520
0.019988 347
0.312017 173
0.376622 173
0.120633 347
0.310130 347
0.153634 347
0.114259 347
0.290530 347
0.252826 347
0.155953 347
0.160981 347
0.313429 173
0.392346 173
0.107856 172
0.020119 175
0.360100 173
0.291918 173
0.032347 347
0.313739 173
0.319184 520
0.417762 173
0.140130 347
0.106927 347
0.311196 173
0.207298 347
0.064223 347
0.296551 173
0.281631 347
0.163186 347
0.202765 172
0.007294 175
0.307419 520
0.110023 347
0.164899 347
0.279867 347
0.181323 347
0.268806 347
0.294819 173
0.024586 694
0.305829 173
0.392641 867
0.050331 347
0.316849 173
0.240059 347
0.015615 347
0.108972 347
0.349392 173
0.167541 347
0.144762 347
0.015434 347
0.292100 173
0.164199 347
0.102773 347
0.057007 347
0.350530 173
0.030639 347
0.219575 694
0.349610 520
0.300103 173
0.014009 347
0.300640 173
0.089187 347
0.125504 347
0.205899 347
0.302962 173
0.115540 347
0.148402 347
0.299382 173
0.092269 347
0.146518 347
0.095341 347
0.301323 173
0.368401 867
0.022509 347
0.352405 173
0.168499 347
0.040037 347
0.359021 173
0.325794 867
0.169328 347
0.309434 173
0.090692 347
0.092661 347
0.307878 173
0.396746 173
0.101026 347
0.286873 173
0.338667 173
0.353971 520
0.345900 173
0.130317 347
0.166289 347
0.304096 173
0.188811 347
0.144024 347
0.293669 173
0.404218 173
0.305312 173
0.132200 347
0.256917 347
0.269828 347
0.361127 173
0.116312 347
0.322959 173
0.185571 347
0.300614 173
0.174939 347
0.375180 173
0.082604 347
0.216355 347
0.304415 173
0.328236 173
0.002014 347
0.300434 173
0.159438 347
0.299210 173
0.335585 173
0.089150 347
0.346831 173
0.023886 347
0.262415 173
0.313788 173
0.128534 347
0.288632 173
0.364458 173
0.058704 347
0.292169 173
0.197707 172
0.001747 175
0.275257 347
0.297712 173
0.110453 347
0.302601 173
0.365423 347
0.227403 347
0.308694 173
0.078145 347
0.313899 520
0.323014 520
0.575264 520
0.319131 173
0.291741 173
0.195501 347
0.326498 173
0.343361 347
0.198556 347
0.393331 173
0.176009 347
0.012890 347
0.302322 173
0.321266 173
0.114485 347
0.215686 347
0.314802 173
0.146351 347
0.257955 173
0.044395 347
0.306093 520
0.314198 520
0.299171 347
0.347544 173
0.314248 173
0.084578 347
0.385311 173
0.263851 173
0.339857 173
0.161819 347
0.305701 173
0.329212 173
0.086758 347
0.286928 173
0.365766 347
0.238681 173
0.300216 173
0.308925 173
0.373187 173
0.047601 347
0.290880 173
0.340906 173
0.334113 173
0.290551 173
0.317305 173
0.292963 173
0.360479 173
0.321522 173
0.229747 172
0.073183 175
0.243085 173
0.339492 173
0.310204 173
0.323140 173
0.313898 173
0.366924 173
0.114193 347
0.396853 173
0.409926 173
0.041690 347
0.299633 173
0.368479 173
0.061162 347
0.342835 173
0.367829 173
0.086645 347
0.270092 172
0.045239 175
0.261085 173
0.126200 347
0.316825 520
0.312596 173
0.066899 347
0.339685 173
0.148539 347
0.428214 173
0.051843 347
0.281466 173
0.147362 347
0.118211 347
0.295504 173
0.316193 173
0.027964 347
0.498403 173
0.303438 173
0.466181 173
0.348878 173
0.048261 347
0.334269 173
0.310452 347
0.304815 173
0.373927 173
0.358421 173
0.210348 172
0.029584 175
0.283463 173
0.398130 173
0.292145 173
0.194147 172
0.024981 175
0.283365 173
0.368162 173
0.348694 173
0.431263 173
0.303237 173
0.337119 173
0.305139 173
0.303581 173
0.313455 173
0.296777 173
0.305674 173
0.299064 173
0.313903 173
0.318177 173
0.313027 173
0.381047 173
0.323145 173
0.303805 173
0.376785 173
0.317423 173
0.329160 173
0.296599 173
0.311262 173
0.329043 173
0.292939 173
0.321525 173
0.317169 173
0.292648 173
0.328670 173
0.275863 173
0.310160 173
0.191329 172
0.016284 175
0.296045 173
0.310669 173
0.316427 173
0.265598 173
0.306769 173
0.317300 173
0.099054 172
0.012990 175
0.297997 173
0.376246 173
0.348193 173
0.137143 347
0.305122 173
0.397030 173
0.323021 173
0.061374 347
0.194824 347
0.289133 173
0.067281 347
0.199362 347
0.310848 173
0.310373 520
0.288323 173
4.403373 172
0.007105 175
0.092410 347
0.014544 347
0.262067 173
0.331567 173
0.315877 173
0.068618 172
0.018968 175
0.460276 173
0.121063 347
0.168439 347
0.298669 173
0.061901 347
0.300693 173
0.067021 347
0.184993 347
0.183809 347
0.255242 347
0.327135 173
0.058641 347
0.304507 173
0.171008 347
0.143989 347
0.273856 347
0.190602 347
0.289605 347
0.312541 347
0.094814 347
0.242862 174
0.129356 175
0.061072 175
0.352100 154
0.096194 347
0.569482 231
0.232929 27
5.008389 27
8.192622 56
19.099982 27
0.015309 2
0.301957 21
22.387488 176
1.853365 173
0.554111 173
0.053459 4095
0.006270 4095
0.003778 2363
0.020171 4095
0.001358 2482
1.952938 176
0.612875 692
0.014635 173
0.046639 1214
0.296128 176
0.193106 173
0.149605 519
0.046237 519
0.022105 173
0.047593 519
0.116245 1903
0.102697 2249
0.153181 2249
0.139799 4095
0.001050 230
0.063407 3114
0.042833 1557
0.195344 176
0.767738 522
0.160384 173
0.049104 1557
0.063716 4095
0.001502 230
0.005816 176
0.190191 173
0.018099 173
0.012151 173
0.072810 3287
0.025400 865
0.038422 1038
0.116058 4095
0.001147 3344
0.084526 4095
0.001814 233
0.226913 1038
0.023433 173
0.061230 173
0.084854 519
0.014290 173
0.054309 346
0.070372 173
0.102141 346
0.042432 173
0.091309 173
0.089307 346
0.045604 173
0.054991 173
0.063389 173
0.112478 346
0.113361 519
0.046995 173
0.069763 692
0.041859 173
0.056868 692
0.054496 173
0.022529 173
0.019020 173
0.094582 1211
0.079577 865
0.017191 173
0.039762 173
0.054027 865
0.037240 173
0.096790 1730
0.035771 173
0.027022 173
0.065332 519
0.012223 173
0.102888 1038
0.026071 346
0.090097 1211
0.056787 868
0.399197 2079
0.248035 1211
0.104376 1211
0.011009 1211
0.045563 1211
0.044934 1730
0.059470 1903
0.027178 519
0.095334 4095
0.002502 3174
0.282743 173
0.045478 1214
0.274464 176
0.792087 173
0.241692 173
0.121946 4095
0.000982 1790
0.455938 173
0.099198 173
0.058298 1038
0.111743 3633
0.103433 2076
0.111899 173
0.225637 173
0.084100 1903
0.122003 4095
0.001727 3863
0.035927 173
0.010713 3
0.433440 173
0.117297 1384
0.084735 1384
0.023591 692
0.042539 865
0.122724 3287
0.128354 4095
0.003198 3344
0.023042 692
0.046354 1211
0.122273 349
0.611936 522
0.140242 173
0.023560 173
0.053770 173
0.046465 173
0.028812 173
0.055796 692
0.184326 173
0.027988 173
0.018492 173
0.109065 1903
0.022481 173
0.019185 173
0.030335 173
0.022552 173
0.040678 173
0.054745 1211
0.033122 173
0.021837 173
0.039034 173
0.169536 519
0.063999 1038
0.023131 519
0.969948 173
0.014188 173
0.019269 173
0.015853 173
0.128573 173
0.045812 346
0.046310 519
0.084905 519
0.500982 1557
0.040774 346
0.014230 173
0.019875 173
0.017878 173
0.039215 692
0.052796 692
0.054107 692
0.514938 692
0.031760 346
0.143017 695
0.371257 176
0.355730 173
0.024706 173
0.040352 1211
0.066371 2076
0.032917 2422
0.103600 4095
0.001075 3863
0.045680 3114
0.030869 173
0.063640 176
0.338557 176
0.007330 173
0.120490 2048
0.000343 1585
0.023914 695
0.375420 176
0.116254 346
0.013838 346
0.016151 865
0.002877 176
0.228301 1041
0.189631 176
0.144240 173
0.045015 1384
0.019986 346
0.028920 349
0.298709 173
0.085032 4095
0.002954 1963
0.334682 692
0.018391 519
0.093638 4095
0.003938 1271
0.305635 3114
0.017728 692
0.039803 2598
0.253963 865
0.113145 4095
0.025444 4095
0.002776 633
0.036116 176
0.801073 1214
0.365698 176
0.220239 1903
0.014027 173
0.008374 176
0.190003 519
0.047456 1903
0.029426 1211
0.089397 1384
0.035599 173
0.039720 173
0.065852 4095
0.002494 3344
0.019225 1730
0.027934 349
0.385854 346
0.072703 4095
0.002070 922
0.036042 2422
0.078155 2422
0.104799 176
0.427897 176
0.118823 692
0.012582 176
0.209534 173
0.024953 173
0.022785 519
0.098361 4095
0.001273 230
0.090037 4095
0.001304 3174
0.428045 2249
0.172151 2076
0.016338 346
0.092035 4095
0.000942 57
0.050070 1038
0.049499 1903
0.122185 2768
0.073528 2944
0.244232 692
0.017564 349
0.209815 1733
0.251328 2079
0.263357 692
0.027398 346
0.016615 519
0.039490 1384
0.089472 2768
0.027944 522
0.280788 346
0.044882 2249
0.072937 4095
0.001131 57
0.117160 346
0.022383 346
0.077646 2422
0.091298 868
0.354341 868
0.254402 346
0.086108 1384
0.021393 1038
0.084085 4095
0.092521 4095
0.003152 2363
0.012594 2076
0.031926 2079
0.526578 1560
0.407428 173
0.026379 1041
0.216446 1041
0.197138 173
0.035911 1733
0.162316 176
0.146200 1214
0.249721 865
0.038264 1211
0.015367 349
0.217268 692
0.043476 2595
0.093890 4095
0.001330 60
0.233587 176
0.185010 2944
0.253701 176
0.108237 173
0.032199 1730
0.016263 692
0.012742 868
0.232859 176
0.188311 519
0.086886 3463
0.388737 176
0.189438 2598
0.237313 3806
0.007622 349
0.232829 1906
0.214159 176
0.096506 1041
0.162629 176
0.118693 868
0.189513 176
0.201179 1041
0.185827 176
0.192190 4095
0.001968 752
0.743503 173
0.065683 3290
0.225154 2598
0.282580 173
0.058399 346
0.075459 1384
0.071898 519
0.041380 519
0.064937 2422
0.043611 865
0.077009 2768
0.074444 865
0.024818 173
0.083382 2422
0.035477 173
0.072233 692
0.021863 692
0.055183 1384
0.077475 346
0.074414 1560
0.546077 1038
0.025205 695
0.276015 692
0.024306 1041
0.311648 692
0.051315 346
0.010589 2595
0.091674 3633
0.013984 176
0.283274 868
0.176506 176
0.121355 173
0.075456 3114
0.043931 1211
0.082034 1903
0.026277 695
0.748767 865
0.086667 1903
0.080761 2249
0.020570 519
0.038186 865
0.099599 4095
0.001050 1095
0.094093 2941
0.018742 519
0.045757 1730
0.041536 346
0.066834 173
0.092482 173
0.003490 3
0.300805 176
0.388779 522
0.520582 176
0.128993 1387
0.242625 173
0.057866 3117
0.269361 1560
0.192849 176
0.057772 173
0.068437 2768
0.043947 1211
0.048686 4095
0.004800 233
0.220182 346
0.092118 4095
0.000914 1095
0.027786 1560
0.267086 2252
0.199636 1214
0.186713 176
0.065578 1041
0.272095 1214
0.167381 176
0.102229 1041
0.139867 176
0.122851 865
0.061460 1038
0.027068 1730
0.052799 2252
0.354025 3290
0.216814 176
41.432814 173
0.112762 4095
0.001550 2133
0.067954 176
0.478181 173
1.185565 173
0.249890 173
0.236828 173
0.735627 173
0.251968 173
0.292427 173
0.724974 173
0.116020 173
0.519468 173
0.888667 173
0.527989 173
0.341649 173
0.634487 173
0.859862 173
0.516757 173
0.398044 173
0.321448 173
0.371968 173
0.694985 173
0.531621 173
0.209259 173
0.501272 173
0.346441 173
0.395975 173
0.537159 173
0.237398 173
0.238282 173
0.464374 173
0.184283 173
0.508490 173
0.390704 173
0.435345 173
0.432038 173
0.480700 173
0.441393 173
0.419518 173
1.441735 173
0.301865 173
0.331490 173
0.745238 173
0.328030 173
0.330335 173
0.468040 173
0.203030 173
0.463408 173
0.907707 173
0.225864 173
0.204369 173
0.406212 173
0.224749 173
0.134716 173
0.360056 173
0.285601 173
0.081150 173
0.363047 173
0.268127 173
0.133500 173
0.130929 173
0.033859 173
0.380975 173
0.123807 173
0.097158 173
0.332025 173
0.169390 173
0.169014 173
0.129394 173
0.487362 173
0.153956 173
0.080656 173
0.270825 173
0.244645 173
1.738331 173
0.787902 173
0.385793 173
0.384031 173
0.380468 173
0.515409 173
0.427890 173
0.187723 173
0.504286 173
0.406963 173
0.447587 173
0.357381 173
0.663381 173
0.606599 173
0.446340 173
0.552302 173
0.390771 173
0.195926 173
0.731169 176
1.201966 868
0.183852 173
0.018373 1560
0.157723 1038
0.032484 1387
0.289104 2425
0.280090 2252
0.213384 2422
0.024724 1730
0.029637 519
0.054406 176
0.277995 173
0.107591 519
0.080863 346
0.065955 173
0.018314 173
0.015407 173
0.077639 346
0.020240 173
0.047649 346
0.015705 346
0.024028 173
0.067726 1211
0.146100 1038
0.036101 865
0.052487 173
0.049635 519
0.012491 173
0.051218 173
0.020385 173
0.022480 173
0.047472 173
0.037951 519
0.058502 1038
0.035303 173
0.030038 173
0.005907 173
0.057503 173
0.014546 173
0.045112 173
0.054225 346
0.034040 173
0.028205 173
0.022229 346
0.047830 519
0.117764 173
0.109454 346
0.025292 173
0.020659 173
0.027549 519
0.052909 173
0.039520 173
0.059212 346
0.037351 173
0.037306 346
0.073329 173
0.085372 519
0.138269 173
0.034709 173
0.005202 173
0.003175 173
0.023211 173
0.062665 346
0.031597 173
0.022635 173
0.036833 173
0.021619 173
0.046287 173
0.057429 173
0.017386 176
0.689779 173
0.310471 173
0.015173 173
0.046980 173
0.109645 1211
0.185443 173
0.020155 173
0.116374 173
0.091857 173
0.034988 173
0.145651 346
0.125268 173
0.032507 173
0.024103 173
0.085458 173
0.013443 173
0.044310 173
0.038805 173
0.048600 173
0.019918 173
0.025862 173
0.029391 173
0.044243 173
0.140147 519
0.130866 173
0.072316 173
0.170335 346
0.060734 173
0.153936 346
0.019531 173
0.096623 173
0.393238 173
0.171247 173
0.141192 173
0.050745 173
0.132121 173
0.151797 173
0.214069 173
0.135385 173
0.068073 173
0.045380 173
0.032285 173
0.138683 1038
0.082657 173
0.144794 692
0.064122 519
0.073335 173
0.584335 173
0.082395 173
0.048158 173
0.039872 173
0.077213 173
0.028127 173
0.111038 692
0.152841 173
0.040090 173
0.068865 346
0.019655 173
0.037632 173
0.023178 173
0.062448 173
0.041262 173
0.094935 173
0.121483 173
0.151147 346
0.175436 346
0.065371 173
0.150493 173
0.081460 173
0.214707 173
0.287594 173
0.128799 346
0.117818 173
0.008096 3
0.748734 173
0.058814 3463
0.232800 173
0.050838 3114
0.067808 1211
0.022018 1038
0.031770 349
0.617329 1906
0.217238 176
0.664104 865
0.014112 868
0.246149 692
0.095162 4095
0.003952 406
0.302024 2422
0.022977 692
0.021426 173
0.040312 692
0.034852 868
0.309836 865
0.054795 3114
0.063156 1038
0.015428 349
0.277658 3287
0.012347 176
0.180307 346
0.076809 4095
0.003941 57
0.037103 519
0.035289 1384
0.017459 868
0.282790 692
0.012320 173
0.054786 1903
0.015390 346
0.027457 1384
0.057101 3114
0.031738 1560
0.238521 522
0.031196 176
0.124423 176
0.571723 173
0.017516 346
0.013811 692
0.012557 865
0.016955 1211
0.027188 865
0.018657 176
0.276009 176
0.121861 173
0.023727 173
0.006754 173
0.002885 173
0.002381 173
0.003903 173
0.005728 173
0.002308 173
0.002706 173
0.004382 173
0.009187 173
0.130751 692
0.353399 173
0.014768 173
0.045644 522
0.526938 346
0.029912 1387
0.481278 4095
0.000028 57
0.054561 692
0.066830 2252
0.463734 173
0.100397 3114
0.072304 4095
0.001487 1441
0.077700 3982
0.388691 1384
0.018875 522
0.210561 176
0.277160 519
0.024345 868
0.234498 4095
0.001902 233
0.211341 173
0.107528 346
0.013347 346
0.070055 519
0.047612 346
0.041347 346
0.062925 865
0.033579 346
0.034436 173
0.018844 173
0.030961 173
0.031636 173
0.090009 4095
0.002257 922
0.102866 4095
0.001430 922
0.015245 176
0.439666 173
0.022318 1038
0.026629 1560
0.188100 176
0.151064 2598
0.245566 176
0.128625 173
0.036967 2252
0.189888 176
0.117227 865
0.042045 519
0.017503 695
0.203711 173
0.035853 2076
0.016536 522
0.328813 1557
0.034409 1038
0.113589 4095
0.000698 230
0.094073 4095
0.007086 1614
0.078311 4095
0.001328 403
0.245340 173
0.052166 176
0.539453 173
0.045428 1730
0.090039 4095
0.001560 4095
0.001518 2536
0.036452 4095
0.001180 576
0.015627 176
0.228099 176
0.987002 173
0.016174 173
0.024755 692
0.118168 346
0.039040 173
0.024420 519
0.051988 3460
0.117250 4095
0.000806 57
0.343447 4095
0.005091 1441
0.044634 173
0.081790 346
0.023058 173
0.061538 173
0.020231 173
0.185583 173
0.053243 173
0.021866 173
0.024170 173
0.120918 346
0.063300 176
0.403810 2252
0.197643 176
0.149574 176
0.164840 519
0.009222 1038
0.063225 3809
0.841264 176
0.589634 173
0.055013 3806
0.102773 4095
0.004258 4095
0.000040 2536
0.044502 2771
0.312288 176
0.115438 519
0.119067 4095
0.001291 4095
0.000813 1325
0.019561 173
0.001457 176
0.186378 176
0.170858 4095
0.001844 233
0.296391 176
0.136739 173
0.045136 1384
0.057115 1211
0.261986 519
0.028132 176
0.473863 865
0.022086 522
0.210476 176
0.238138 4095
0.076714 4095
0.001383 2190
0.024042 1560
0.313569 176
0.142857 2944
0.179072 176
0.133178 176
0.297852 2076
0.090735 173
0.043715 2079
0.265812 176
0.119986 1903
0.093681 519
0.072804 692
0.055819 1038
0.048968 519
0.058617 692
0.049704 346
0.048809 1038
0.029515 519
0.046841 3460
0.078547 349
0.477770 173
0.013282 173
0.021062 519
0.075603 4095
0.001341 403
0.080744 4095
0.001401 406
0.290796 173
0.127981 173
0.124437 1557
0.027675 865
0.086614 2768
0.037126 2422
0.046998 1557
0.059239 1211
0.023851 346
0.054439 519
0.143252 2422
0.040062 519
0.080322 1384
0.045410 346
0.028575 173
0.043634 173
0.065491 176
0.559478 176
0.756678 173
0.072915 173
0.036081 346
0.020168 173
0.032609 173
0.040482 519
0.033838 519
0.036544 346
0.037018 346
0.103778 519
0.151204 346
0.198648 173
0.038142 692
0.075529 1211
0.081413 1211
0.331305 1730
0.124108 2941
0.065238 519
0.147826 4095
0.002218 749
0.132287 173
0.080268 349
0.944424 176
0.753073 2768
0.037970 2425
0.658441 519
0.065286 1730
0.043883 2771
0.186270 176
0.124129 1730
0.030687 692
0.072709 1903
0.109522 2595
0.095283 4095
0.001130 576
0.113857 519
0.195995 2422
0.358626 2768
0.033793 176
0.339518 176
0.230946 865
0.039780 3460
0.138655 1038
0.138744 2048
0.000233 2047
0.000903 2048
0.000105 2047
0.002916 287
0.025844 346
0.018679 692
0.023801 865
0.009817 173
0.023275 176
0.233327 349
0.120863 176
0.206995 346
0.087621 1730
0.690812 519
0.155288 1211
0.068439 865
0.101204 173
0.091228 3287
0.026315 865
0.095120 173
0.033067 173
0.159575 173
0.112381 173
0.016358 346
0.050589 1211
0.051859 865
0.140261 2422
0.069612 173
0.521770 173
0.055834 173
0.004562 173
0.007558 173
0.029836 173
0.098789 519
0.063799 346
0.056462 173
0.089997 173
0.158883 173
0.065431 173
0.081007 173
0.079395 176
0.628984 176
2.657969 1038
0.078484 346
0.114382 1557
0.127742 4095
0.001178 4095
0.000716 2536
0.025448 1211
0.071778 2076
0.056580 173
0.041581 173
0.144883 176
0.400811 176
1.409472 176
0.074124 346
0.074916 865
0.041580 1906
0.408016 176
0.097945 519
0.059540 865
0.032010 346
0.004866 692
0.024719 346
0.017279 346
0.021550 346
0.019100 173
0.025907 692
0.116272 1557
0.112553 2941
0.029054 346
0.032183 173
0.014396 346
0.128663 3114
0.079616 1903
0.031724 519
0.030544 1384
0.018540 346
0.050462 522
0.511199 346
0.032717 1211
0.059382 2944
0.275068 1211
0.022149 522
0.281660 1211
0.075462 1557
0.092197 2941
0.061741 2076
0.026937 2422
0.063167 1038
0.042324 519
0.033807 522
0.319311 176
0.187885 4095
0.001740 579
0.245169 173
0.047251 173
0.008074 173
0.008704 173
0.006996 173
0.003493 173
0.003466 173
0.012153 173
0.003421 173
0.311962 4095
0.000069 4095
0.000277 2536
0.083797 519
0.055060 173
0.089465 349
0.442943 346
0.064067 2595
0.037036 1733
0.315817 173
0.019277 346
0.064051 4095
0.001384 922
0.122960 4095
0.002131 1614
0.152832 346
0.098791 1384
0.041841 695
0.247744 173
0.015170 173
0.012370 519
0.021331 692
0.042231 3806
0.177629 2768
0.599492 4095
0.002786 4095
0.003091 1155
0.497017 1557
0.016628 695
0.279802 1211
0.309902 3979
0.097562 519
0.072807 1211
0.121781 2768
0.207890 2422
0.042245 1038
0.075258 2422
0.258166 1387
0.271660 176
0.545654 176
0.027994 173
0.108149 1211
0.106049 173
0.136151 1038
0.035711 173
0.076722 1730
0.256532 519
0.060256 692
0.162863 1730
0.162749 1557
0.179794 1903
0.047869 519
0.021602 346
0.114447 2249
0.075718 2076
0.055339 865
0.076965 522
0.429283 176
2.575522 173
0.018636 173
0.020490 173
0.021868 173
0.049687 173
0.069240 865
0.091560 519
0.044164 173
0.069618 173
0.107730 173
0.175814 346
0.067712 173
0.119945 173
0.046333 173
0.203199 173
0.184579 173
0.277778 173
0.183524 173
0.108971 173
0.092449 173
0.079218 173
0.064409 173
0.120139 346
0.030485 346
0.334566 865
0.169251 173
0.097002 173
0.223819 173
0.179799 346
0.084757 173
0.195962 173
0.090496 173
0.110686 173
0.034282 173
0.038486 173
0.030957 173
0.150906 346
0.138865 692
0.016129 173
0.183531 519
0.060994 346
0.058666 173
0.145520 173
0.184294 173
0.105938 173
0.120891 173
0.186407 173
0.098159 173
0.135381 173
0.143391 173
0.068293 1038
0.035222 865
0.480102 2422
0.209779 692
0.015201 176
1.989218 176
0.425096 1211
0.049672 2252
0.289741 176
0.040724 176
0.186706 173
0.014345 173
0.011956 173
0.011934 173
0.029080 865
0.016434 173
0.016121 3
0.241502 176
0.369762 176
0.148176 173
0.053216 1211
0.059777 3460
0.074144 2944
0.272164 692
0.012663 519
0.015953 865
0.012905 349
0.242633 1560
0.312892 2425
0.826926 1560
0.508230 4095
0.001220 1441
0.005212 176
0.234328 868
0.218020 2252
0.551307 173
0.110287 173
0.018342 173
0.141103 173
0.026339 692
0.014796 346
0.045493 519
0.065887 346
0.023227 519
0.039721 692
0.055473 1038
0.009097 173
0.010743 173
0.011990 173
0.014565 173
0.014080 173
0.010999 173
0.009241 173
0.072695 519
0.017245 173
0.058894 692
0.050620 519
0.042909 1211
0.065588 1038
0.033359 519
0.041793 1038
0.006318 173
0.008629 173
0.019654 173
0.009544 173
0.012202 173
0.006060 173
0.004950 173
0.005519 173
0.006650 173
0.018316 173
0.161553 2768
0.110648 346
0.106087 868
0.644886 1211
0.068436 3809
0.320160 176
0.594012 2941
0.153442 2944
0.484685 176
0.207221 2768
0.024054 522
0.229886 173
0.013455 346
0.023134 1387
0.600814 176
0.022368 173
0.170637 173
0.044752 173
0.041084 1038
0.096855 3460
0.073761 2941
0.017345 519
0.057774 2249
0.020462 1038
0.034424 1038
0.102187 3460
0.066256 176
1.169605 176
0.137891 1560
0.227376 176
0.173926 2768
0.068612 2771
0.412111 176
0.029444 346
0.087177 1387
0.242603 1903
0.074514 1730
0.019995 346
0.017966 173
0.077617 2595
0.012072 173
0.006481 346
0.020024 692
0.111064 1903
0.031681 519
0.083067 1038
0.058163 692
0.059316 1211
0.004578 176
0.818947 173
0.027513 173
0.087671 519
0.020056 519
0.049161 1557
0.062706 519
0.149802 865
0.035277 346
0.127889 173
0.092004 173
0.096252 173
0.082377 173
0.036137 173
0.125961 346
0.014814 173
0.027296 173
0.222066 173
0.101582 173
0.375342 173
0.040380 173
0.100377 173
0.121909 346
0.089255 173
0.264441 173
0.143058 1038
0.113872 346
0.025814 173
0.139374 173
0.062125 865
0.143869 519
0.019051 173
0.055294 173
0.019325 173
0.122887 346
0.055486 173
0.027295 346
0.133795 173
0.103444 346
0.080322 346
0.144919 173
0.071511 173
0.069135 519
0.041901 692
0.114100 173
0.025178 173
0.039288 173
0.027359 173
0.041539 173
0.114073 346
0.078621 173
0.133754 173
0.022455 173
0.101330 173
0.107912 173
0.100012 349
1.059906 176
10.395721 173
0.062705 3
0.283765 1211
0.041427 519
0.014540 349
0.910383 176
1.885032 1041
0.493559 1041
0.244004 176
39.240445 176
0.712462 173
0.097612 1038
0.190777 865
0.053173 519
0.098214 865
0.345958 173
0.649621 173
0.545143 173
0.446490 173
0.104727 173
0.018176 173
0.020810 173
0.020986 173
0.127907 1730
0.156389 2076
0.329383 1038
0.135814 346
0.031700 173
0.025942 173
0.221321 173
0.310074 173
0.393985 173
0.355688 173
0.304783 173
0.262876 173
0.438677 173
0.165609 173
0.120614 173
0.112503 173
0.332312 173
0.113739 173
0.306539 519
0.161963 692
0.142459 1384
0.115828 692
0.055710 173
0.027469 176
1.325425 176
36.738878 173
0.027803 173
0.014640 173
0.023673 1214
0.453337 176
0.411784 176
0.297361 173
0.182811 519
0.059971 173
0.066591 1211
0.063671 519
0.043177 519
0.047144 865
0.028303 692
0.036847 346
0.057579 173
0.060917 173
0.032751 349
0.609799 176
0.063949 173
0.019910 346
0.070633 173
0.030079 349
0.258930 176
0.659104 173
0.041060 1387
0.190883 176
0.183205 1214
0.163061 176
0.114331 176
0.102903 173
0.015407 173
0.038219 519
0.123533 4095
0.003362 2652
0.036485 176
0.264965 176
0.097518 173
0.051229 2076
0.057289 1211
0.029295 519
0.015130 868
0.332628 176
0.184685 173
0.190673 519
0.002041 1903
0.024842 519
0.016218 173
0.016170 346
0.020100 519
0.030484 692
0.052063 1730
0.017863 173
0.028948 349
0.461798 173
0.065396 2252
0.366695 176
0.120515 173
0.021934 173
0.036552 1038
0.036689 1038
0.085053 3114
0.110977 4095
0.001611 57
0.061709 3979
0.089686 3633
0.013567 176
0.289677 346
0.027914 868
0.249607 173
0.053776 519
0.024351 865
0.021979 865
0.045073 1214
0.271155 176
0.119106 1041
0.107782 868
0.186639 176
0.065212 173
0.380499 4095
0.001236 2828
0.110731 176
0.058350 692
0.086587 692
0.012602 522
0.253274 173
0.019614 1387
0.253548 176
0.127691 173
0.042675 1903
0.013374 346
0.017851 1041
0.311296 173
0.056838 3460
0.096142 4095
0.001574 4095
0.002667 979
0.054880 3809
0.197822 176
0.144081 2079
0.171816 176
0.097154 176
0.024369 346
0.263170 2076
0.186406 4095
0.005652 1095
0.009443 519
0.014102 692
0.018947 865
0.016605 1384
0.014753 1384
0.034180 1730
0.024589 1211
0.038145 1211
0.018572 173
0.027347 173
0.062899 522
0.581805 176
0.123835 4095
0.000028 576
0.011464 173
0.056907 1557
0.085831 2076
0.014511 346
0.019265 173
0.015730 346
0.030968 1041
0.535076 173
0.026640 1214
0.231921 173
0.073770 3636
0.284404 2422
0.091985 1384
0.042178 2595
0.023795 692
0.014922 695
0.274372 692
0.015184 519
0.042175 173
0.026081 2249
0.157882 2598
1.110421 2941
0.127688 1211
0.013322 173
0.063690 1560
0.669099 173
0.075781 4095
0.001224 922
0.018895 173
0.053759 173
0.067692 2422
0.017504 346
0.062588 349
0.252802 346
0.017082 1041
0.214466 173
0.058860 2076
0.067518 1557
0.114115 2249
0.020269 173
0.041579 865
0.025878 346
0.029649 865
0.019185 519
0.020660 519
0.043515 1038
0.059390 1384
0.107592 2076
0.033221 346
0.034877 173
0.043273 173
0.028456 349
0.489394 173
0.108040 4095
0.001419 1787
0.031442 2595
0.015931 173
0.032960 2076
0.021594 865
0.068107 349
0.134741 176
0.245852 4095
0.015251 2825
0.968046 1384
0.023200 868
0.308306 1730
0.053940 1560
0.169509 1038
0.023902 692
0.014999 173
0.011794 346
0.009262 173
0.007742 173
0.018806 349
0.426794 173
0.026440 2076
0.009725 176
0.350948 173
0.037162 692
0.042041 2768
0.066764 1041
0.229348 868
0.160606 2598
0.174870 692
0.014406 2079
0.170664 173
0.038483 519
0.021713 519
0.027248 346
0.054346 346
0.005900 173
0.068991 1903
0.031285 1038
0.026359 173
0.021840 173
0.028550 173
0.027526 173
0.024487 173
0.016867 346
0.015461 519
0.038451 173
0.039932 1038
0.021570 346
0.011446 346
0.026575 173
0.014962 173
0.040134 519
0.068736 2249
0.024433 519
0.067840 1038
0.035888 695
0.337758 176
0.189400 4095
0.012364 925
0.202709 173
0.031825 1041
0.181119 176
0.131692 346
0.028672 1730
0.033384 173
0.084924 2076
0.071259 4095
0.001285 922
0.018359 173
0.081026 865
0.016335 173
0.003720 3
0.459473 176
0.728958 149
0.149345 149
0.127463 145
0.004024 4
0.272452 519
0.028409 173
0.102491 4095
0.001316 3171
0.021306 346
0.030200 522
0.325534 176
0.101158 176
0.107315 1906
0.215205 176
0.102162 160
0.105685 173
0.006660 3290
0.237312 176
0.125450 695
0.090402 692
0.031743 346
0.020254 519
0.016132 346
0.023426 1038
0.036230 1387
0.207979 349
0.392829 349
0.437772 1557
0.017577 173
0.099769 173
0.106302 173
0.050839 173
0.063372 173
0.043490 173
0.050203 2768
0.039031 519
0.026319 519
0.109457 4095
0.001264 2133
0.044507 519
0.017167 349
0.413709 176
0.108969 173
0.093186 3460
0.101218 692
0.096630 4095
0.001567 4095
0.001195 633
0.061333 2076
0.030695 522
0.440151 176
0.246817 3633
0.066167 4095
0.001822 4036
0.036869 2252
0.296786 176
0.233474 4095
0.004351 2136
0.281029 176
0.142613 695
0.240209 4095
0.002520 406
0.319577 2771
0.234776 176
0.142792 346
0.013019 346
0.081913 3806
0.031602 1730
0.054796 3114
0.086633 1733
0.384743 176
0.185270 1387
0.203785 176
0.116943 173
0.041830 346
0.151805 4095
0.014671 4095
0.001365 979
0.040115 2941
0.042479 1906
0.617398 176
0.010518 176
0.037598 173
0.070173 346
0.010925 346
0.070131 3809
0.276874 176
0.940231 692
0.110513 4095
0.016818 4095
0.001425 2363
0.963258 349
0.319492 2595
0.054687 173
0.016368 692
0.016484 1903
0.019247 1211
0.101657 4095
0.001485 1960
0.761248 1730
0.017560 865
0.013281 519
0.169780 1733
0.421405 176
0.242932 173
0.053883 173
0.014867 346
0.019070 865
0.014335 346
0.020484 692
0.015955 865
0.013813 865
0.017301 1384
0.016567 692
0.112894 4095
0.003204 4095
0.002264 1844
0.025970 1041
0.340335 173
0.028701 173
0.048850 2768
0.027207 173
0.075018 4095
0.001181 2825
0.020573 1906
0.280450 176
0.225206 173
0.029802 173
0.060593 3287
0.085940 4095
0.001382 2998
0.087451 4095
0.003138 2306
0.016124 173
0.035856 173
0.003702 3
0.338319 176
0.077131 176
0.093858 173
0.041908 2941
0.039463 1730
0.114572 1038
0.030426 2076
0.044120 865
0.096232 2941
0.031868 346
0.052924 692
0.083183 1211
0.059116 865
0.012154 176
0.448515 176
0.109997 173
0.278974 4095
0.006792 4095
0.000342 4095
0.008090 350
0.306869 865
0.058218 4095
0.001839 403
0.112317 349
0.238112 519
0.070660 1903
0.005798 2249
0.025709 692
0.015620 868
0.281198 346
0.455070 865
0.014638 522
0.215697 173
0.025930 1384
0.018592 868
0.244982 176
0.150627 346
0.036577 1211
0.016870 349
0.206600 173
0.013538 173
0.017861 865
0.033569 1211
0.037367 2079
0.224430 176
0.129267 4095
0.038071 4095
0.001902 4095
0.001678 4095
0.002303 1272
9.321900 173
0.007509 3
0.093155 865
0.057286 4095
0.001601 3517
0.061854 4095
0.001452 4095
0.001171 985
0.568286 173
0.014434 522
0.174252 173
0.008531 3
0.141163 1909
0.225554 173
0.022785 4095
0.001507 1963
0.223098 349
0.119325 1038
0.072164 1903
0.095799 4095
0.000089 4095
0.000027 1538
0.000116 4095
0.000026 712
0.243296 173
0.014715 1733
0.203499 4095
0.000026 60
0.221486 519
0.029922 4095
0.002253 3001
0.223382 173
0.021502 2771
0.182845 173
0.030845 4095
0.001363 4095
0.002216 2536
0.018667 3117
0.231299 173
0.030241 1384
0.024801 2422
0.023481 1903
0.021015 1903
0.014435 1903
0.012305 1903
0.017903 4095
0.001751 1790
0.346624 1906
0.233826 173
0.009110 3
0.104298 4095
0.001522 4095
0.001343 1325
0.017775 1563
0.299345 4095
0.002545 4095
0.001196 2363
0.052171 4095
0.001395 2828
0.363892 2079
0.160103 173
0.018830 3463
0.226693 2944
0.182336 695
0.159379 2076
0.019823 2944
0.250930 173
0.014997 1214
0.147270 173
0.039578 173
0.020119 173
0.017284 346
0.022405 346
0.024704 346
0.016245 173
0.013159 173
0.028995 173
0.013104 346
0.013424 173
0.017565 173
0.012831 346
0.012022 173
0.027313 519
0.017950 173
0.024930 346
0.015398 173
0.013376 173
0.016386 173
0.014541 173
0.014303 173
0.025412 173
0.035563 519
0.014800 173
0.095616 865
0.014090 173
0.040298 346
0.021768 173
0.019832 173
0.020690 173
0.016083 173
0.014044 173
0.028019 173
0.110744 346
0.028343 173
0.015621 173
0.016820 173
0.030354 346
0.022155 346
0.020119 173
0.042411 346
0.030990 173
0.019621 346
0.015788 173
0.023687 346
0.013503 173
0.017481 346
0.019479 173
0.041110 519
0.020556 519
0.018352 173
0.016642 173
0.025823 173
0.021304 173
0.029467 173
0.009655 346
0.016821 173
0.019947 173
0.025140 346
0.014980 173
0.027366 346
0.020316 176
0.525706 173
0.073514 4095
0.000022 1098
0.206724 176
0.046404 4095
0.000979 3344
0.088135 4095
0.002416 1441
0.019335 1557
0.021690 3120
1.190486 176
0.135538 4095
0.000067 4095
0.000015 1325
0.024124 173
0.015228 865
0.016095 1211
0.030507 4095
0.000790 1793
0.614310 2944
0.231276 176
0.102374 2601
0.240554 176
0.116174 4095
0.002159 4095
0.001674 2536
0.011185 1384
0.017525 2249
0.016703 3117
0.090219 176
0.777643 176
0.092147 4095
0.006778 63
0.844741 176
0.096523 4095
0.002774 4095
0.004369 2363
0.014810 2947
0.306745 2079
0.153051 176
0.115242 4095
0.009885 2652
0.004477 3460
0.012079 3287
0.018473 4095
0.010108 63
0.974364 176
0.029282 2249
0.059626 1736
0.463885 176
0.093403 4095
0.005264 2133
0.019603 3639
1.301855 173
0.039041 1
0.001063 2
0.084249 173
0.054606 173
0.001472 173
0.001417 173
0.008310 692
0.001126 346
0.001718 173
0.001590 173
0.001465 173
0.010833 173
0.002052 173
0.003929 173
0.001435 173
0.001485 173
0.002363 1
0.007802 175
0.005086 1
0.026549 2
1.192756 173
0.019655 173
0.005234 173
0.003804 173
0.001508 173
0.008280 173
0.003333 173
0.001584 173
0.001424 173
0.001315 173
0.005993 173
0.012282 173
0.001342 173
0.003112 173
0.005056 173
0.003542 173
0.003615 173
0.001267 173
0.003252 1
0.002705 2
0.236731 173
0.030347 173
0.002076 173
0.007326 173
0.001968 173
0.002545 173
0.004836 173
0.005503 173
0.011850 173
0.002538 173
0.007562 173
0.007572 173
0.002410 519
0.001404 173
0.022208 173
0.009555 173
0.001364 173
0.001427 173
0.005140 173
0.001991 173
0.007745 173
0.003306 173
0.004805 173
0.006296 173
0.001807 173
0.001353 173
0.001297 173
0.001409 173
0.001286 173
0.003361 173
0.004092 173
0.001130 173
0.004988 173
0.001219 173
0.001328 173
0.003210 173
0.004486 173
0.000768 173
0.033477 173
0.001572 519
0.011628 173
0.001413 173
0.003695 173
0.005381 173
0.005192 173
0.003821 173
0.005231 173
0.001651 173
0.001462 173
0.004679 173
0.001097 1
0.004015 2
0.456890 173
0.007112 173
0.002920 173
0.002387 173
0.001339 173
0.003224 173
0.004817 173
0.001860 173
0.002519 173
0.006773 173
0.001557 173
0.002950 173
0.006390 173
0.002044 173
0.001336 173
0.001339 173
0.001542 173
0.002980 173
0.021167 173
0.005230 173
0.006736 519
0.012537 865
0.001505 173
0.005659 173
0.001750 173
0.002681 173
0.001866 173
0.002166 173
0.007940 173
0.002259 173
0.002637 173
0.001919 173
0.001604 173
0.001612 173
0.003326 173
0.001893 173
0.001910 173
0.001310 173
0.002621 173
0.001340 173
0.001580 173
0.001321 173
0.006318 173
0.002084 173
0.001027 173
0.005884 173
0.001744 173
0.002099 173
0.003235 173
0.002456 173
0.003382 173
0.001407 173
0.003779 173
0.001617 173
0.002872 173
0.064521 173
0.005856 1
0.001774 2
0.968235 176
0.039704 4095
0.001466 1620
0.831899 4095
0.002872 4095
0.004700 2363
0.018546 4095
0.001808 1787
0.019302 1041
0.638790 3290
0.200078 3287
0.007655 2944
0.739356 176
0.078308 4095
0.001858 1966
1.001469 176
0.077231 3812
0.753657 173
0.016182 2768
0.012086 1041
0.266437 4095
0.001169 4095
0.000027 4095
0.000010 344
0.054913 1736
0.553958 176
0.102963 4095
0.016675 4095
0.000022 1158
0.855368 4095
0.002800 4095
0.001914 2363
0.012452 865
0.019431 1903
0.017305 4095
0.002316 60
0.655350 865
0.016559 4095
0.002366 752
0.378260 173
0.016716 4095
0.001917 752
0.807343 1211
0.004017 698
0.621587 173
0.008167 3
0.071653 4095
0.000173 4095
0.000028 4095
0.028453 4095
0.000024 1272
1.218047 173
0.040614 4095
0.000893 1790
0.485859 173
0.044275 4095
0.002797 4095
0.002449 2536
0.019849 4095
0.001527 2482
0.940235 3982
0.378331 1733
0.374795 1560
0.263175 1557
0.028321 2422
0.051763 4095
0.001304 230
0.138067 1211
0.005293 173
0.150260 3806
0.020700 1557
0.095842 2601
0.747372 176
0.081105 519
0.012007 1563
0.301568 1041
2.599389 1909
0.399555 868
0.479504 173
0.012725 173
0.011873 346
0.016956 346
0.020560 346
0.030348 346
0.014597 173
0.146000 519
0.014612 173
0.011956 346
0.028026 173
0.014663 519
0.013908 346
0.019172 346
0.013542 173
0.014835 346
0.059003 519
0.009832 173
0.045784 346
0.203128 519
0.086943 519
0.018821 519
0.121591 346
0.091427 519
0.009609 519
0.068763 519
0.015770 346
0.016756 346
0.015926 346
0.011027 346
0.047864 346
0.093033 346
0.013892 173
0.031335 346
0.031796 173
0.024100 519
0.049055 173
0.018127 346
0.009204 173
0.014771 173
0.013367 519
0.012707 173
0.008982 346
0.015463 346
0.021429 519
0.013090 173
0.017547 346
0.016506 346
0.016448 522
0.009380 176
0.547632 176
0.085215 4095
0.071151 4095
0.000025 4095
0.000010 1538
0.000051 3653
0.295839 346
0.012922 695
0.197600 2079
0.161316 2771
0.271129 522
0.238131 4095
0.001783 4095
0.000909 2536
0.012547 4095
0.000653 2306
0.018608 349
0.306826 176
0.091149 1736
0.302122 1736
0.154781 1384
0.002552 871
0.215885 176
0.015036 4095
0.001347 409
0.303147 2255
0.218465 3114
0.010351 868
0.210573 4095
0.001835 4095
0.000317 2536
0.014471 4095
0.002382 1617
0.256290 1563
0.222904 173
0.013202 4095
0.000222 579
0.206145 4095
0.002305 4095
0.001455 2536
0.017644 4095
0.003362 2655
0.271944 4095
0.000498 1095
0.009345 522
0.244674 176
0.117552 3812
0.206455 176
0.079896 1557
0.009389 698
0.264924 3633
0.009690 3809
0.262860 4095
0.002148 1790
0.242721 868
0.163049 176
0.031476 4095
0.075399 4095
0.011678 2536
0.001064 1384
0.008078 3466
1.977251 4095
0.002202 4095
0.001225 3926
0.285400 2771
0.258068 2771
0.295927 1211
0.015046 4095
0.002959 1095
0.032953 4095
0.003832 4095
0.003757 2363
0.001062 173
0.242796 349
0.144932 1733
0.174177 1560
0.185595 1903
0.016481 522
0.172551 1730
0.012631 1733
0.294296 1217
0.219833 1563
0.328699 4095
0.001719 4095
0.001325 2536
0.023030 4095
0.001850 2655
0.270655 346
0.006794 865
0.013537 1560
0.230587 4095
0.002148 4036
0.016028 1560
0.278037 2255
0.232880 176
0.140414 1390
0.192659 176
0.105659 1390
0.125647 2944
0.243088 176
0.167552 1387
0.198589 1903
0.014854 2595
0.020436 3460
0.032446 4095
0.001157 4095
0.000811 460
0.014892 522
0.418972 3117
0.159818 173
0.017007 4095
0.003992 1447
0.228572 1903
0.017666 4095
0.002233 1790
0.292068 1041
0.220751 2425
0.189607 1557
0.004959 176
0.233848 346
0.010558 1390
0.196967 173
0.003745 1217
0.214889 173
0.008685 2082
0.225703 173
0.017536 2252
0.206781 1387
0.241081 3463
0.246780 2771
0.233261 173
0.010967 2082
0.392414 1041
0.137138 173
0.008381 2079
0.255129 1733
0.209946 4095
0.003845 4095
0.004851 2536
0.018048 1906
0.278410 3982
0.204578 173
0.003600 3
0.069416 4095
0.061399 2658
0.387456 3639
0.297669 519
0.026267 4095
0.005692 3690
0.009919 4095
0.002993 2133
0.016239 2944
0.453626 1733
0.428023 698
0.424076 346
0.003888 1214
0.295687 2252
0.292451 3463
0.160655 1387
0.228566 1560
0.224745 522
0.062197 173
0.051269 1387
0.169449 173
0.018463 1733
0.153780 1792
0.000305 460
0.244687 3809
0.216710 865
0.014403 1038
0.018526 1560
0.191893 173
0.012235 1390
0.232654 176
0.082663 4095
0.005533 3004
0.267184 173
0.019035 695
0.264555 1736
0.251999 173
0.019101 4095
0.001553 230
0.015155 3287
0.013376 2768
0.013979 2076
0.009000 176
0.268296 173
0.015085 173
0.024395 346
0.016034 692
0.011982 865
0.017143 1038
0.031574 1557
0.015591 519
0.014590 519
0.013662 346
0.026559 865
0.016053 519
0.027890 519
0.008193 346
0.015392 519
0.018594 346
0.034064 692
0.016050 692
0.013351 346
0.017463 519
0.026167 865
0.013459 346
0.025415 865
0.049989 2249
0.020783 346
0.019063 1038
0.015448 176
0.472688 4095
0.007262 4095
0.000782 2536
0.006160 1384
0.017181 2771
0.383292 173
0.080629 865
0.005180 525
0.262754 173
0.020187 1214
0.288138 692
0.027635 2249
0.017654 2941
0.005604 692
0.023082 4095
0.001236 230
0.021561 4095
0.001319 1268
0.013945 1214
0.376409 4095
0.001985 2652
0.013297 1214
0.219443 176
0.110838 4095
0.002120 2479
0.007001 173
0.014281 349
0.331285 1563
0.294084 2249
0.021518 1733
0.370169 2768
0.035160 2076
0.014164 1384
0.023179 1903
0.025081 2595
0.042833 4095
0.006071 2831
0.608682 692
0.012593 1384
0.014430 1903
0.012499 2076
0.013119 2076
0.028540 4095
0.002670 2825
0.006483 519
0.019985 1906
0.669451 1563
0.283816 173
0.029852 346
0.012548 346
0.017708 865
0.020356 692
0.024469 173
0.001728 519
0.018086 346
0.016350 346
0.013805 346
0.015650 692
0.022283 1211
0.019419 519
0.065065 519
0.004398 1384
0.008319 1038
0.324162 173
0.001494 519
0.083257 346
0.033773 519
0.228793 519
0.065873 173
0.004159 692
0.085569 173
0.114364 1903
0.107844 1903
0.014175 173
0.012012 173
0.013807 173
0.014011 519
0.057669 3
0.629631 2428
0.285735 173
0.017159 3293
0.391552 4095
0.001342 1963
0.250113 4095
0.002070 1101
0.281428 1563
0.357621 4095
0.001815 4095
0.002685 2363
0.010391 3
0.316827 4095
0.010726 576
0.003777 2422
0.042566 4095
0.001803 4095
0.001650 2193
0.497145 4095
0.002163 1271
0.247064 1387
0.214389 2598
0.218246 4095
0.001900 1614
0.025009 4095
0.001786 1271
0.282902 3117
0.220697 2425
0.213511 2082
0.303789 4095
0.002421 749
0.016303 1557
0.011781 1038
0.073640 4095
0.001452 4095
0.001209 1847
0.423331 2082
0.330312 4095
0.003230 1620
0.290085 4095
0.002026 4095
0.001483 2363
0.029835 4095
0.002213 1444
0.219824 2422
0.017229 4095
0.001237 3174
0.200834 2598
0.242101 176
0.095936 4095
0.008765 1268
0.001939 4095
0.001274 3171
0.021317 349
0.302088 346
0.019426 3287
0.039114 3806
0.016609 1557
0.015798 1384
0.038938 4095
0.012482 3001
0.462152 4095
0.002229 2133
0.019929 1387
0.674936 1557
0.023012 4095
0.001355 922
0.038126 4095
0.003427 4095
0.003873 2536
0.005259 352
0.894893 4095
0.001096 233
0.269669 2252
0.231378 349
0.225784 173
0.020688 4095
0.001939 1444
0.296786 176
0.121258 2428
0.285838 349
0.199899 173
0.015545 3
0.100733 865
0.020838 865
0.023650 692
0.024655 346
0.026303 692
0.024955 1211
0.021768 865
0.110178 4095
0.003933 2998
0.036481 1903
0.058313 2944
0.634735 2255
0.306701 1384
0.010889 3639
0.271786 3290
0.216002 173
0.025837 3636
0.368241 1736
0.353866 4095
0.000028 2133
0.025131 4095
0.001107 4095
0.000029 2363
0.007969 695
0.475291 1387
0.192004 865
0.028402 4095
0.003430 4095
0.003404 2363
0.017170 4095
0.001670 403
0.072187 1560
0.212260 4095
0.001586 60
0.257905 1736
0.269906 2425
0.205318 868
0.229022 173
0.014978 1390
0.284271 2774
0.248419 173
0.014214 2425
0.225904 173
0.014831 3
0.137520 4095
0.000014 63
0.290318 4095
0.002971 4039
0.299647 1733
0.207544 1387
0.257419 4095
0.003180 3347
0.241926 4095
0.001318 925
0.310338 2771
0.274416 4095
0.007637 3001
0.270501 2944
0.218056 2079
0.226172 2944
0.236028 1560
0.229566 3290
0.285175 2255
0.280926 2771
0.210719 173
0.015933 1733
0.188780 173
0.024146 3982
0.219151 176
0.084136 1903
0.013048 4095
0.000038 2249
0.089579 4095
0.000033 4095
0.000011 1039
0.411521 4095
0.003897 4095
0.004298 2020
0.215221 695
0.143117 868
0.235341 2252
0.175602 1387
0.218728 1038
0.027155 1557
0.025771 1730
0.014415 692
0.037827 2941
0.087787 4095
0.002980 4095
0.002729 1328
0.222732 4095
0.007666 4095
0.002138 1328
0.306842 1560
0.230637 1390
0.260999 2249
0.017388 4095
0.001908 1614
0.012500 3979
0.016876 4095
0.000068 1620
0.510891 4095
0.005326 3693
0.262891 519
0.012194 173
0.019461 692
0.020750 865
0.018927 519
0.031512 865
0.021302 692
0.021634 692
0.024334 1211
0.155682 4095
0.002623 4095
0.002720 460
0.031215 1557
0.036902 1041
0.624854 173
0.004501 1211
0.029913 4095
0.001224 1095
0.043097 4095
0.001305 4095
0.002991 2363
0.019654 349
0.335058 173
0.125697 173
0.074812 346
0.029810 346
0.113312 1557
0.041072 519
0.111052 1557
0.036254 519
0.064388 865
0.028285 346
0.072858 865
0.026011 346
0.112345 1557
0.015373 173
0.017959 173
0.126306 1557
0.016470 173
0.131568 1903
0.057247 692
0.021397 173
0.090622 346
0.080705 346
0.058099 173
0.052327 692
0.069928 865
0.048807 519
0.054078 522
0.913299 173
0.027006 173
0.020561 346
0.013222 173
0.022933 346
0.029800 519
0.028099 519
0.020365 346
0.050389 1038
0.029053 519
0.068064 1211
0.032719 519
0.050817 519
0.014000 173
0.016228 346
0.014596 173
0.026522 865
0.015442 346
0.046406 1211
0.066687 1557
0.017472 346
0.017046 173
0.013692 173
0.021687 519
0.017842 173
0.014237 173
0.031253 519
0.025793 692
0.019370 346
0.036977 519
0.024167 519
0.050168 1557
0.024446 695
0.224707 173
0.023411 2082
0.736963 176
0.184787 176
1.329172 176
1.152699 173
0.035603 3
52.057723 176
0.159837 176
0.141942 176
2.408386 176
0.216153 176
0.927025 176
1.409481 176
1.390999 176
1.512534 176
0.942605 176
3.216062 173
0.009129 4095
0.003388 4095
0.001169 2722
0.014650 4095
0.001504 4095
0.001400 2722
0.005010 4095
0.003822 4095
0.006212 2722
0.010957 4095
0.002358 4095
0.002927 2722
0.021888 4095
0.001604 4095
0.000378 2722
0.025250 4095
0.061971 4095
0.008866 4095
0.000029 4095
0.000061 4095
0.000022 4095
0.003007 4095
0.000019 2314
4.275826 4095
0.001053 4095
0.009292 3021
0.107986 4095
0.000030 4095
0.000061 1953
2.124357 28
0.009298 27
23.814592 2
0.437110 1
0.200624 1
1.301714 2
0.069364 8
0.425118 31
0.027219 30
4.671925 1
0.212053 1
0.193206 1
0.211295 1
2.835810 10
0.088326 82
12.989922 1
0.208133 1
0.211694 1
0.212998 1
0.426863 17
