0.041840 82
3.166618 1
0.014075 1
0.160587 1
0.205211 1
0.017734 1
0.605165 1
0.012423 1
0.205514 1
0.244284 1
0.433782 1
0.443701 11
0.342677 2
0.027942 2
0.054929 6
1.726253 69
1.551743 69
1.494212 72
0.136450 77
0.000423 37
0.165678 42
0.218171 60
0.491053 36
0.489570 82
0.660687 50
0.001089 95
104.546405 48
6.544035 72
32.440120 89
0.739550 65
0.277413 32
0.164705 4095
0.000056 1680
2.535446 89
1.339000 83
0.000023 6
0.718949 89
0.586174 89
0.639587 89
0.130049 89
0.512080 89
0.113121 89
0.529521 89
0.177146 89
0.486069 89
0.580574 89
0.957468 89
1.531063 89
0.161796 89
3.669452 89
0.623685 89
0.405735 89
0.721001 89
0.049707 89
0.835189 89
0.013299 89
0.490254 89
0.076441 178
0.493523 89
0.149776 89
0.059209 89
0.368795 89
0.139316 89
0.108268 89
0.461494 89
0.073078 89
0.078048 89
0.420937 89
0.029826 89
0.100211 89
0.437315 89
0.015195 89
0.102020 89
0.456290 89
0.011509 89
0.127398 89
0.465889 89
0.050162 89
0.108770 89
0.800663 89
0.601440 89
0.792013 89
0.196960 89
0.144729 89
0.198961 89
0.127578 89
0.330270 253
2.491159 35
0.622679 64
4.405956 37
0.060786 29
3.153625 87
0.270997 90
2.455452 90
0.383500 90
0.369690 90
0.140427 90
0.192153 90
0.218631 90
0.450072 90
0.385633 90
0.298615 90
0.124291 90
0.141288 90
0.134968 90
0.268196 90
0.247897 90
0.148341 90
0.124924 90
0.266737 90
0.249226 90
0.190231 90
0.238459 90
0.117115 90
0.117719 90
0.176436 90
0.148929 90
0.199024 90
0.142882 90
0.303036 90
1.062445 90
0.330881 90
0.144886 90
1.328636 90
0.413077 90
0.205936 90
0.201608 90
0.137003 90
0.307626 90
0.169159 90
0.171539 90
0.228102 90
0.211192 90
0.516654 90
1.057266 90
1.949579 90
0.733529 90
1.527989 90
3.955096 90
0.616997 90
0.387131 90
0.367967 90
0.168860 90
2.911889 90
0.363411 90
0.552597 90
0.173425 90
4.909288 90
0.509399 90
0.550942 90
28.913090 90
6.714532 90
57.632537 90
0.193712 90
6.550234 4095
0.003837 341
1.317056 4095
0.000128 371
3.314357 125
6.415374 58
0.971341 74
1.331871 84
0.353620 38
0.341905 20
0.071387 65
0.156131 11
0.018770 9
0.028135 10
0.008752 10
0.047566 10
0.075570 46
0.190139 50
3.116214 43
0.297772 165
0.012254 165
15.208394 47
0.096295 119
0.002419 87
0.004606 76
0.013938 40
0.076929 70
0.009486 100
188.447209 61
2.017198 69
0.008623 62
3.277588 60
3.085569 71
0.000103 2
2.978838 47
0.000050 2
0.000541 63
0.000026 2
5.686374 52
1.468739 45
7.197421 105
0.578024 85
0.047635 80
0.205143 48
0.130184 3974
0.000106 103
0.000013 2
0.000083 103
0.000011 2
0.000372 103
0.000012 2
0.000076 103
0.000011 2
0.000072 103
0.000010 2
0.000069 103
0.000011 2
0.000065 103
0.000010 2
0.000069 103
0.000010 2
0.000103 103
0.000011 2
0.000081 103
0.000010 2
0.000067 103
0.000010 2
0.000066 103
0.000010 2
0.000063 103
0.000011 2
0.000064 103
0.000010 2
0.000064 103
0.000010 2
0.000065 103
0.000010 2
0.000064 103
0.000010 2
0.000121 103
0.000011 2
0.000061 24
0.000010 2
0.000065 43
0.000010 2
0.000104 104
0.000011 2
0.000069 44
0.000010 2
0.000056 24
0.000010 2
0.030587 144
2.200582 101
0.037160 101
0.062015 101
0.503963 101
0.082375 101
0.054620 101
0.408856 101
0.155021 101
0.439227 101
0.438877 101
0.670798 101
0.090011 101
0.522593 101
0.139504 101
0.382120 101
0.347818 101
0.266273 101
0.053800 101
0.326398 101
0.184901 101
0.084900 101
0.354752 101
0.164020 101
0.103816 101
0.327249 101
0.195218 101
0.070142 101
0.297933 101
0.012755 101
0.251461 101
0.384212 101
0.052586 101
0.286475 101
0.485795 101
0.022422 101
0.519388 101
0.085485 101
0.016472 101
0.683367 101
0.013207 101
0.601224 101
0.080599 101
0.547306 101
0.077281 101
0.516473 101
0.075873 101
0.304853 101
0.197008 101
0.225807 101
0.103463 101
0.272133 101
0.230624 101
0.017669 207
1.256578 51
2.985319 54
0.001636 50
2.539074 53
0.086655 45
1.349630 105
0.196524 105
0.392645 105
0.351803 105
0.221014 105
0.184540 105
0.116539 105
0.199641 105
0.194316 105
0.122881 105
0.165421 105
0.276545 105
0.388023 105
0.361393 105
0.366564 105
0.228054 105
0.164393 105
0.213674 105
0.156440 105
0.144469 105
0.164937 105
0.231787 105
0.245998 105
6.155763 105
0.618721 105
4.710984 105
0.340002 105
0.195744 105
0.207869 105
0.152503 105
0.201168 105
0.105917 105
0.326000 105
0.389812 105
0.178869 105
0.106281 105
0.206983 105
0.108974 105
0.240896 105
0.722794 105
0.190122 105
0.097605 105
0.091059 105
0.122115 105
0.114225 105
0.145756 105
0.186580 105
0.186012 105
1.700401 105
0.663599 105
1.551546 105
0.594294 105
0.108792 105
0.119052 105
0.148300 105
0.385640 105
0.362985 105
0.139057 105
0.189429 105
0.252450 105
0.388525 105
0.756986 105
0.379381 105
0.537346 105
0.360927 105
0.061805 105
1.633498 105
0.181270 105
4.354097 105
0.048540 105
0.004481 105
0.000108 105
0.005241 105
0.008868 105
0.015612 105
0.023397 4095
0.003038 630
1.194378 105
0.000193 26
0.000170 36
0.000156 57
0.000138 51
0.000135 50
0.000396 60
0.000146 65
0.000129 61
0.000129 51
0.000122 50
0.000124 50
0.000259 58
0.000182 119
0.000126 49
0.000121 58
0.000145 62
0.000122 58
0.000147 55
0.000121 60
0.000133 60
0.000124 53
0.000133 50
0.000119 52
0.000136 73
0.000145 54
0.000121 53
0.000217 61
0.000097 68
0.000125 61
0.000117 58
0.000121 60
0.000124 63
0.000131 53
0.000124 60
0.000422 56
0.000187 52
0.000146 61
0.000124 62
0.000139 62
0.000121 63
0.000131 61
0.000119 72
0.000140 62
0.000135 58
0.000249 116
0.000093 52
0.000117 49
0.000133 53
0.000140 64
0.000138 53
0.000137 49
0.000141 51
0.000106 26
0.000140 35
1.002603 123
0.512914 116
0.288808 93
1.102028 72
0.003078 87
0.003865 73
0.001492 26
0.299374 101
0.128647 101
0.139588 101
0.087414 101
0.067522 101
0.117836 99
0.000943 2
0.061658 101
0.219170 101
0.023783 101
0.000755 101
0.000341 101
0.000317 101
0.000276 101
0.000274 101
0.160226 101
0.021420 101
0.021412 101
0.005247 101
0.003078 101
0.000922 101
0.000788 101
0.208919 103
0.000330 26
0.000105 119
0.004779 26
0.253486 119
0.193598 75
0.057529 76
0.095260 75
0.000610 76
0.000494 75
0.000466 76
0.000366 75
0.000355 76
0.000327 75
0.000302 76
0.000320 75
0.000314 76
0.000299 75
0.011285 76
0.000504 75
0.000490 76
0.000456 75
0.000738 76
0.000491 75
0.000506 76
0.000383 75
0.003085 76
0.002896 39
0.071978 129
0.269210 75
0.182142 95
0.989986 75
0.000420 127
0.000305 130
0.166359 94
0.181837 114
0.950553 72
0.004354 63
0.002602 67
0.002395 26
0.337063 94
0.153167 94
0.134165 94
0.077425 94
0.109846 94
0.087086 94
0.006382 94
0.038693 94
0.132641 94
0.006595 94
0.000263 94
0.100289 94
0.014325 94
0.170124 94
0.014678 94
0.004773 94
0.150221 94
0.006962 94
0.036530 1034
0.092536 94
0.177430 188
0.109788 94
0.006506 94
0.156365 188
0.088378 94
0.001287 282
0.152671 376
0.039971 94
0.060926 94
0.000196 94
0.011700 94
0.000423 94
0.000062 94
0.105506 188
0.063750 92
0.000345 2
0.000345 92
0.000308 2
0.148580 94
0.000050 92
0.000031 2
0.000180 94
0.000049 94
0.029900 282
0.073984 188
0.032535 94
0.047655 94
0.010017 94
0.052003 94
0.000668 94
0.000894 94
0.000441 94
0.002991 94
0.016560 94
0.001033 94
0.016226 94
0.006333 94
0.002324 94
0.006354 188
0.006479 94
0.003631 94
0.032991 94
0.001380 94
0.174405 94
0.000410 94
0.003594 282
0.000090 94
0.000769 94
0.000314 94
0.000070 94
0.000987 94
0.000965 94
0.000081 94
0.001952 94
0.001016 94
0.000081 94
0.001824 94
0.040541 94
0.000368 94
0.103765 188
0.082598 94
0.061649 188
0.037649 282
0.095050 188
0.056636 470
0.000298 92
0.000016 2
0.000125 92
0.000012 2
0.065413 94
0.035638 94
0.041989 376
0.133971 1034
0.093208 658
0.094004 188
0.025036 94
0.050897 94
0.026890 94
0.000325 94
0.000268 94
0.000265 94
0.039584 94
0.012502 94
0.055385 470
0.086170 376
0.014516 188
0.007732 94
0.007954 188
0.016229 188
0.074072 188
0.037415 94
0.006544 94
0.007800 94
0.083640 282
0.034819 92
0.000023 2
0.000141 92
0.000013 2
0.000125 92
0.000015 2
0.000145 92
0.000012 2
0.031731 92
0.000021 2
0.000845 92
0.000018 2
0.000478 92
0.000016 2
0.039581 94
0.097272 282
0.094683 94
0.012101 188
0.019088 188
0.110619 94
0.075487 376
0.096725 94
0.008455 94
0.014935 94
0.000811 94
0.013161 94
0.094859 94
0.000202 94
0.113734 94
0.000424 94
0.003517 94
0.010030 94
0.012865 658
0.073064 376
0.045772 564
0.016266 94
0.013616 94
0.000344 94
0.007706 94
0.081519 94
0.008393 94
0.056713 94
0.001098 94
0.000329 99
0.048380 26
0.000579 107
0.000266 26
2.799580 105
0.537168 81
0.000540 77
0.173740 48
0.001175 40
0.000291 35
0.219484 60
0.000160 66
0.058374 68
0.008949 84
0.054317 75
0.003470 75
0.001798 80
0.000205 83
0.004931 105
0.001103 95
0.000239 98
0.006107 94
0.001328 964
0.000061 95
0.000011 2
0.000080 99
0.000011 2
0.000069 96
0.000011 2
0.000066 99
0.000011 2
0.000065 102
0.000010 2
0.000064 75
0.000010 2
0.000064 69
0.000010 2
0.000343 73
0.000014 2
0.000110 73
0.000010 2
0.000066 70
0.000010 2
0.000063 79
0.000010 2
0.000063 77
0.000010 2
0.000062 76
0.000011 2
0.000061 76
0.000010 2
0.000059 75
0.000010 2
0.000061 75
0.000010 2
0.000059 72
0.000011 2
0.000060 79
0.000011 2
0.000061 77
0.000010 2
0.000099 70
0.000011 2
0.000078 84
0.000014 2
0.000098 80
0.000011 2
0.000066 85
0.000011 2
0.000061 85
0.000010 2
0.000063 88
0.000011 2
0.000064 93
0.000010 2
0.142063 436
0.000452 81
0.000085 81
0.000017 2
0.000121 77
0.000013 2
0.000151 77
0.000012 2
0.000120 81
0.000012 2
0.000086 82
0.000011 2
0.000083 81
0.000012 2
0.000084 82
0.000012 2
0.000081 81
0.000011 2
0.000079 81
0.000011 2
0.000077 75
0.000012 2
0.000079 79
0.000011 2
0.000093 80
0.000012 2
0.000091 81
0.000011 2
0.000077 76
0.000010 2
0.000081 76
0.000010 2
0.000072 79
0.000011 2
0.000071 86
0.000010 2
0.000073 79
0.000010 2
0.000073 95
0.000010 2
0.000074 100
0.000011 2
0.000070 77
0.000011 2
0.000072 81
0.000010 2
0.000071 81
0.072305 4095
0.000040 4095
0.002156 4095
0.000321 4095
0.055558 3484
0.069044 87
0.000083 88
0.000093 87
0.000104 88
0.000066 88
0.000063 88
0.000061 88
0.000094 88
0.000064 87
0.000059 88
0.000061 88
0.000058 90
0.000073 89
0.000103 89
0.000061 88
0.000061 89
0.000059 90
0.000053 87
0.000058 89
0.000053 88
0.000054 88
0.000052 89
0.000062 89
0.000077 89
0.000061 82
0.000054 95
0.000277 96
0.000084 91
0.000059 91
0.000053 92
0.000066 93
0.000054 93
0.000052 78
0.000051 88
0.000051 82
0.000107 95
0.000045 95
0.000056 95
0.000056 95
0.000052 91
0.000052 97
0.000054 98
0.000054 91
0.000052 94
0.000053 88
0.000051 94
0.000052 89
0.000052 96
0.000051 93
0.000052 88
0.000051 95
0.000051 94
0.000053 96
0.000302 95
0.000058 95
0.000056 89
0.000066 97
0.000065 91
0.000068 95
0.000057 97
0.000050 97
0.000052 98
0.000053 93
0.000054 94
0.000051 93
0.000051 93
0.000074 94
0.000063 96
0.000054 96
0.000050 97
0.000052 86
0.000053 86
0.000050 88
0.000051 88
0.000051 86
0.000090 87
0.000096 85
0.000059 86
0.000051 86
0.000071 86
0.000031 87
0.000053 86
0.000064 87
0.000069 89
0.000302 87
0.000066 86
0.000108 88
0.000015 86
0.000101 87
0.000059 86
0.000066 86
0.000063 87
0.000107 88
0.000040 88
0.000056 89
0.000067 88
0.000040 87
0.000080 87
0.000047 88
0.000082 86
0.000055 87
0.000077 86
0.000071 87
0.000054 88
0.000074 88
0.000053 88
0.000099 88
0.000036 82
0.000039 91
0.000119 90
0.000035 92
0.000037 85
0.000121 91
0.000036 84
0.000222 88
0.000106 99
0.000055 102
0.000066 105
0.000065 94
0.000073 94
0.000065 94
0.000100 94
0.000035 94
0.000038 94
0.000098 96
0.000094 95
0.000014 174
0.000075 82
0.000035 2
0.000035 95
0.000082 90
0.002840 990
0.003056 104
0.000147 99
0.000149 101
0.000243 99
0.000962 1069
0.000013 87
0.000077 87
0.000041 88
0.000130 88
0.000036 88
0.000062 88
0.000061 87
0.000061 89
0.000059 88
0.000068 90
0.000093 89
0.000071 87
0.001689 348
0.000093 90
0.000116 90
0.000188 92
0.000116 80
0.000066 90
0.000087 90
0.000067 90
0.000070 90
0.000065 90
0.000064 90
0.000064 92
0.000061 91
0.000063 90
0.047818 4095
0.000234 4095
0.000057 4095
0.025681 4095
0.000021 2259
0.058865 102
0.000548 87
0.001450 85
0.000616 91
0.000547 87
0.000527 100
0.000488 86
0.000585 87
0.000555 87
0.000492 87
0.000552 86
0.000493 86
0.000669 86
0.003426 95
0.037991 4095
0.001737 4095
0.000071 3683
0.151791 4095
0.000668 4095
0.000583 4095
0.010115 1575
0.000910 1597
0.036051 2213
0.030410 4095
0.005225 4095
0.000023 2130
0.073826 4095
0.002661 3139
0.000120 90
0.000103 91
0.000103 91
0.000121 92
0.000102 91
0.000101 90
0.000097 89
0.000320 89
0.000150 86
0.000127 74
0.000105 80
0.000100 78
0.000098 86
0.000118 84
0.000083 88
0.000108 90
0.000098 91
0.000099 86
0.000096 89
0.000099 89
0.000097 87
0.000101 86
0.000100 87
0.000096 88
0.000117 90
0.000091 91
0.000097 91
0.000098 91
0.000100 88
0.003772 3273
0.000073 86
0.000114 86
0.000426 86
0.000161 81
0.078242 1383
0.045764 947
0.000654 691
0.000388 433
0.000224 257
0.000029 85
0.000286 88
0.000368 87
0.000128 87
0.000106 172
0.000138 85
0.000107 90
0.000106 88
0.000234 258
0.000083 84
0.000402 524
0.000333 431
0.001622 797
0.000023 94
0.000036 2
0.001661 1884
0.033770 4095
0.000023 4095
0.002386 872
0.076850 2025
0.001368 1922
0.000963 966
0.000411 551
0.000261 368
0.000217 269
0.000155 177
0.000126 92
0.000091 88
0.000093 101
0.000097 94
0.000100 93
0.000264 89
0.000104 91
0.000132 93
0.000097 88
0.000094 92
0.001648 94
0.000832 648
0.131381 1984
0.002221 2710
0.001176 1633
0.000011 89
0.000745 849
0.000375 522
0.000309 404
0.000203 286
0.000161 102
0.000130 101
0.004101 2066
0.052045 1927
0.000121 107
0.000143 111
0.000136 111
0.000131 110
0.000136 112
0.000129 104
0.000143 121
0.000127 100
0.000133 119
0.000171 109
0.000127 113
0.002119 2858
0.000051 89
0.001199 1600
0.000623 965
0.000446 480
0.000234 381
0.000193 199
0.000125 188
0.012000 4095
0.031230 4095
0.000027 3390
0.047691 4095
0.000079 2889
0.046262 89
0.002865 2376
0.002308 184
0.000828 93
0.000700 551
0.000291 88
0.000124 183
0.000326 95
0.000442 728
0.000596 821
0.000512 633
0.000098 91
0.000926 91
0.000422 92
0.000112 95
0.000108 89
0.000530 542
0.000099 91
0.000869 730
0.000444 471
0.000835 458
0.000113 91
0.000096 94
0.000098 90
0.000099 95
0.000359 180
0.000006 2
0.000979 178
0.000155 181
0.000055 92
0.000286 95
0.000095 90
0.007149 537
0.002899 731
0.072142 92
0.036950 88
0.000806 91
0.000384 94
0.000388 90
0.000446 94
0.004589 93
0.001353 92
0.002948 95
0.036122 4095
0.007386 403
0.207741 96
0.000596 96
0.002843 87
0.000668 87
0.002242 92
0.002537 92
0.001938 91
0.001484 93
0.004808 92
0.002040 80
0.017903 80
0.053177 4095
0.002772 4095
0.006446 4095
0.000026 4095
0.004198 4095
0.000024 4095
0.000057 4095
0.000010 1683
0.019500 84
0.000195 87
0.000174 81
0.000183 85
0.000150 82
0.000148 89
0.000135 83
0.000137 83
0.000128 85
0.029606 82
0.012706 4095
0.009771 4095
0.000085 3474
0.124874 4095
0.009087 4095
0.000067 4095
0.000034 4095
0.000010 101
0.102103 4095
0.005510 4095
0.000076 4095
0.000026 4095
0.000014 1419
0.000030 2
0.000190 99
0.000011 2
0.000105 102
0.000011 2
0.000168 102
0.000011 2
0.000112 101
0.000011 2
0.000084 100
0.000034 2
0.000113 99
0.000011 2
0.000083 103
0.000010 2
0.000078 99
0.000010 2
0.000313 101
0.000011 2
0.000099 101
0.000010 2
0.000075 100
0.000010 2
0.000077 98
0.000012 2
0.000122 100
0.000042 2
0.000089 100
0.000011 2
0.000075 103
0.000010 2
0.000073 97
0.000010 2
0.000072 102
0.000010 2
0.000115 102
0.000010 2
0.000083 97
0.000010 2
0.000073 97
0.000042 2
0.000089 101
0.000010 2
0.000089 96
0.000011 2
0.000100 91
0.000010 2
0.000076 100
0.000011 2
0.000071 99
0.000011 2
0.001777 99
0.000024 2
0.000205 92
0.000015 2
0.000126 96
0.000012 2
0.000103 117
0.000011 2
0.000100 116
0.000011 2
0.000086 110
0.000011 2
0.000085 110
0.000011 2
0.000124 95
0.000011 2
0.000092 91
0.000010 2
0.000080 93
0.000010 2
0.000079 93
0.000011 2
0.000294 97
0.000012 2
0.000084 101
0.000011 2
0.000075 93
0.000010 2
0.000075 97
0.000010 2
0.000136 105
0.000012 2
0.000084 104
0.000010 2
0.000154 95
0.000011 2
0.000128 100
0.000011 2
0.000077 104
0.000010 2
0.000075 118
0.000010 2
0.000074 125
0.000010 2
0.000076 118
0.000010 2
0.000074 125
0.000010 2
0.000106 96
0.000011 2
0.000077 96
0.000010 2
0.000078 101
0.000010 2
0.000070 99
0.000010 2
0.000072 92
0.000010 2
0.000072 96
0.000010 2
0.000073 98
0.000010 2
0.000072 94
0.000010 2
0.000071 96
0.000010 2
0.000069 100
0.000010 2
0.000073 102
0.000010 2
0.000099 97
0.000011 2
0.000086 95
0.000011 2
0.000244 93
0.000010 2
0.000079 97
0.000010 2
0.000073 106
0.000010 2
0.000072 116
0.000010 2
0.005834 116
0.000019 2
0.000131 115
0.000012 2
0.000098 115
0.000012 2
0.000122 92
0.000012 2
0.000103 97
0.000010 2
0.000083 101
0.000010 2
0.000085 115
0.000010 2
0.000086 128
0.000012 2
0.000120 128
0.000013 2
0.000091 120
0.000012 2
0.000083 119
0.000011 2
0.000103 116
0.000011 2
0.000116 118
0.000012 2
0.000094 113
0.000011 2
0.000079 122
0.000010 2
0.000076 117
0.000010 2
0.000075 96
0.000010 2
0.000072 97
0.000010 2
0.000073 95
0.000010 2
0.000076 98
0.000011 2
0.000075 92
0.000010 2
0.000072 95
0.000011 2
0.000292 99
0.000012 2
0.000083 109
0.000010 2
0.000080 99
0.000011 2
0.000076 94
0.000010 2
0.000072 98
0.000010 2
0.000071 104
0.000010 2
0.000071 106
0.000010 2
0.000072 99
0.000010 2
0.000071 96
0.000010 2
0.000073 100
0.000010 2
0.000101 97
0.000011 2
0.000081 104
0.000010 2
0.000114 101
0.000011 2
0.000081 95
0.000010 2
0.000073 107
0.000010 2
0.000074 102
0.000010 2
0.000070 106
0.000010 2
0.000073 113
0.000010 2
0.000070 102
0.000010 2
0.000073 106
0.000010 2
0.000074 121
0.000011 2
0.000127 97
0.000010 2
0.000075 93
0.000011 2
0.000072 96
0.000010 2
0.000072 93
0.000010 2
0.000187 86
0.000013 2
0.000215 84
0.000011 2
0.000084 84
0.000012 2
0.000078 81
0.000032 2
0.000093 83
0.000011 2
0.000073 83
0.000011 2
0.000077 83
0.000011 2
0.000076 85
0.000011 2
0.000076 86
0.000011 2
0.000075 88
0.000011 2
0.000076 82
0.000011 2
0.000075 85
0.000011 2
0.000076 86
0.000011 2
0.000076 94
0.000011 2
0.000096 90
0.000010 2
0.000092 90
0.000010 2
0.000074 81
0.000010 2
0.000073 83
0.000010 2
0.000072 93
0.000010 2
0.000072 89
0.000010 2
0.000070 99
0.000011 2
0.000069 91
0.000010 2
0.000070 93
0.000037 2
0.000091 93
0.000010 2
0.000072 93
0.000011 2
0.000162 93
0.000011 2
0.000081 92
0.000010 2
0.000104 92
0.000011 2
0.000315 92
0.000011 2
0.000079 93
0.000010 2
0.000073 93
0.000010 2
0.000074 93
0.000010 2
0.000116 93
0.000012 2
0.057579 1188
0.007792 2038
0.001451 2062
0.002282 3460
0.005841 1865
0.000133 2
0.000106 91
0.000112 96
0.000118 89
0.000112 97
0.000110 92
0.000118 85
0.001747 2333
0.007122 1536
0.000114 87
0.006371 731
0.068166 2212
0.119077 254
2.819632 105
0.647427 172
0.131710 48
0.056503 1664
0.000100 103
0.000012 2
0.000137 103
0.000012 2
0.000075 103
0.000011 2
0.000062 24
0.000011 2
0.000069 43
0.000011 2
0.000071 104
0.000011 2
0.000069 44
0.000011 2
0.000061 24
0.000011 2
0.000070 50
0.000010 2
0.000071 44
0.000011 2
0.000113 63
0.000012 2
1.877399 101
0.016381 101
1.058054 101
0.067265 202
0.529474 101
0.084889 101
0.628144 101
0.355336 101
0.558452 101
0.146610 101
0.081734 101
0.715777 101
0.056218 101
0.100567 308
0.620547 51
0.403882 54
0.006135 50
1.285527 53
0.085427 45
1.106839 105
0.235563 105
0.634429 105
0.309859 105
0.235655 105
0.198168 105
0.200795 105
0.173080 105
0.488911 105
0.290731 105
0.221860 105
0.215634 105
0.362455 105
2.690901 105
0.926350 105
0.204951 105
2.045326 105
0.065705 105
0.000273 105
0.002278 105
0.000487 105
0.000171 105
0.000147 105
0.000146 105
0.000135 105
0.000151 105
0.000109 105
0.000123 105
0.000127 105
0.000124 105
0.000140 105
1.062689 105
0.001411 26
0.004817 36
0.000173 99
0.000284 97
0.000195 99
0.000165 105
0.000210 96
0.000190 96
0.000169 98
0.000203 58
0.000284 26
0.000119 35
0.786688 78
0.009391 37
0.034404 51
0.000194 51
0.000236 47
0.038971 47
0.053965 88
0.426058 36
0.000080 43
0.000162 43
0.000118 65
0.062974 34
0.069895 3395
0.680262 41
0.256196 69
1.321063 59
0.165432 129
0.129026 65
0.262423 93
0.195038 62
0.171845 78
0.224998 68
0.195057 68
0.202676 76
0.212122 57
0.180850 59
0.273977 57
0.127929 64
0.365893 60
0.235532 60
0.264735 62
0.246347 56
0.177572 62
0.204172 54
0.198975 59
0.250436 63
0.240583 56
0.000336 2
0.257023 55
0.206707 59
0.200466 61
0.214396 60
0.207651 71
0.235121 71
0.224587 61
0.210168 58
0.230711 58
0.254514 55
0.154046 62
0.146143 59
0.169592 60
0.153419 68
0.139329 64
0.180168 64
0.175423 57
0.171105 62
0.157241 63
0.205892 57
0.140689 58
0.144669 61
0.117400 66
0.142791 62
0.155193 68
0.137893 62
0.210999 61
0.091666 68
0.094397 63
0.119532 63
0.113097 63
0.193368 72
0.105862 67
0.153783 67
0.154745 59
0.127900 65
0.144739 65
0.098370 61
0.144324 61
0.126324 57
0.120949 58
0.102552 71
0.148613 66
0.181342 59
0.125643 60
0.137124 65
0.172244 62
0.164528 57
0.117594 57
0.097974 61
0.123557 68
0.125989 58
0.353827 58
0.127028 58
0.133966 55
0.133182 68
0.118013 77
0.166698 62
0.159662 61
0.208702 62
0.182990 57
0.194639 67
0.201466 56
0.167143 57
0.145802 58
0.162745 70
0.129011 57
0.136744 62
0.154998 79
0.123771 65
0.127430 59
0.186974 74
0.145167 78
0.180921 71
0.152807 69
0.146504 79
0.179342 74
0.152092 63
0.140524 64
0.141305 68
0.125884 75
0.146545 69
0.155482 78
0.155445 84
0.171000 68
0.205139 62
0.436667 61
0.197355 65
0.438167 64
0.144603 61
0.092142 48
4.208779 26
0.000261 47
0.000298 43
0.000238 55
0.001360 139
0.005757 59
0.000440 64
0.000208 74
0.000427 68
0.002846 77
0.002163 64
0.009048 76
0.051883 189
0.000031 424
0.050572 47
0.001945 697
1.233061 612
0.623881 618
0.504410 616
0.366783 614
0.453458 614
0.755991 612
0.400194 512
0.016773 57
0.000348 47
0.358890 512
0.000048 64
0.000067 54
0.670662 618
0.913769 512
0.000075 57
0.000118 47
0.426860 626
0.539725 512
0.000159 21
0.000011 35
0.000089 46
0.636412 614
0.596587 616
0.213857 626
0.342843 612
0.603471 614
0.647277 618
0.427728 626
0.413548 614
0.834944 616
0.464867 616
0.385060 626
0.756121 616
0.874132 622
0.339166 618
0.291332 620
0.402585 624
0.628135 512
0.000031 58
0.000173 48
0.513412 622
2.451232 636
0.700535 616
0.403850 512
0.000256 122
0.605099 618
0.515378 618
0.543909 630
0.293357 632
0.390591 632
0.424530 626
0.429859 634
0.469877 628
0.821328 620
0.317325 622
0.394545 622
0.395343 622
0.626183 624
0.378938 620
0.527699 634
0.194253 628
0.352037 512
0.013901 59
0.000493 49
0.393946 636
0.397552 512
0.000077 63
0.000113 53
0.373937 584
0.000031 62
0.379725 626
0.328414 622
0.406712 626
0.494432 624
0.360827 634
0.346499 636
0.295455 632
0.444365 620
0.379726 624
0.304444 638
0.795272 632
0.368049 648
0.702526 652
0.427486 640
0.457432 628
0.577185 634
0.395160 636
0.285761 630
0.439663 634
1.799697 652
1.060817 616
0.545794 661
1.101209 685
1.997862 695
0.622410 677
1.706003 673
1.031743 699
0.950840 687
0.870648 681
1.277657 675
1.189890 679
2.519530 703
0.837078 683
1.429743 701
0.613366 703
0.696637 721
0.595004 701
1.368892 717
0.713000 715
0.735017 707
0.409057 713
1.473893 721
0.959924 713
0.745613 723
0.502954 719
0.431815 719
0.712620 557
0.000025 2
0.000151 20
0.000013 1
0.000010 63
0.000010 2
0.000168 20
0.000012 1
0.000009 53
0.000010 2
0.605804 699
0.475054 731
0.328163 717
0.531378 673
2.065802 685
0.502465 687
0.396027 697
0.518763 697
0.259986 687
0.608424 705
0.395134 715
0.503746 699
0.610495 711
0.700542 703
0.606679 717
0.431186 705
0.502058 711
0.564472 717
0.447445 713
0.661166 705
0.455088 713
0.625654 711
0.763299 705
0.416585 699
1.036656 699
0.485041 719
0.511747 707
0.489895 707
0.640942 699
0.684649 703
1.661533 707
1.276072 703
1.009496 701
0.764403 701
1.849302 711
0.551157 711
0.354616 707
0.508149 642
0.000065 73
0.525754 559
0.000024 75
0.000189 65
0.416268 699
1.722472 719
0.605911 725
0.401450 731
0.425217 723
0.505560 729
0.530504 719
0.561680 715
0.318514 626
0.641488 650
0.629119 524
0.026909 20
0.000077 1
0.000012 41
0.000011 2
0.001187 20
0.000015 1
0.000009 31
0.000010 2
0.700917 524
0.000192 62
0.000226 52
0.620122 524
0.000144 67
0.000274 57
0.530768 524
0.000137 68
0.000107 58
0.640032 524
0.000143 69
0.000170 59
0.534082 524
0.000373 68
0.000156 58
0.383101 524
0.000150 69
0.000086 59
0.619972 524
0.000024 68
0.000086 58
0.384246 652
0.736163 660
0.760658 652
0.879369 524
0.000043 70
0.000078 60
0.357772 636
0.467887 526
0.000021 70
0.000049 60
0.788914 650
0.552137 652
0.425179 660
0.684950 658
1.039466 526
0.002477 73
0.000158 63
1.047681 526
0.000170 69
0.000064 59
0.714266 526
0.000085 81
0.000060 71
0.777945 526
0.000162 80
0.000093 70
0.521293 658
0.739714 526
0.000167 74
0.000092 64
0.496333 672
0.628700 526
0.000079 74
0.000071 64
0.345232 526
0.022215 132
0.855584 526
0.001172 132
0.588630 526
0.000336 81
0.000128 71
0.303914 526
0.000219 74
0.000188 64
0.442321 526
0.000165 71
0.000162 61
0.493816 526
0.000177 81
0.000134 71
0.631056 526
0.000223 87
0.000106 77
0.449171 682
0.555471 526
0.000255 81
0.000195 71
0.623412 526
0.002301 79
0.000899 69
0.817164 512
0.011805 50
0.002731 45
0.305473 44
0.004270 49
0.069943 51
0.000139 54
0.000240 53
0.000336 52
0.000077 52
0.000157 51
0.000206 53
0.000064 60
0.000188 54
0.000112 53
0.000126 58
0.000060 52
0.000168 52
0.000105 53
0.000124 58
0.000033 51
0.000160 52
0.000101 54
0.000101 58
0.000123 52
0.000062 53
0.000163 53
0.000098 58
0.000116 53
0.000055 56
0.000152 54
0.000176 55
0.000177 57
0.000085 54
0.000125 56
0.000061 63
0.000119 53
0.000159 62
0.000099 54
0.000102 54
0.000099 60
0.000134 61
0.000050 61
0.000113 58
0.000154 62
0.000097 59
0.000099 55
0.000096 56
0.000098 56
0.000098 56
0.000101 57
0.000102 55
0.000093 62
0.000093 59
0.000093 55
0.000095 63
0.000094 59
0.000115 68
0.000055 58
0.000147 56
0.000108 58
0.000060 57
0.000149 62
0.000093 63
0.000130 61
0.000097 55
0.000084 57
0.000165 64
0.000129 61
0.000101 69
0.000108 71
0.000097 65
0.000101 59
0.000097 62
0.000105 63
0.000107 60
0.000110 62
0.000060 71
0.000347 53
0.000056 52
0.000156 64
0.000060 69
0.000129 60
0.000142 58
0.000125 71
0.000174 65
0.000114 62
0.000063 59
0.000185 61
0.000035 73
0.000155 63
0.000097 72
0.000106 73
0.000096 82
0.000110 72
0.000062 80
0.000115 79
0.000157 75
0.000098 78
0.000105 82
0.000061 78
0.000149 83
0.000101 81
0.000116 81
0.000302 82
0.000143 71
0.000142 87
0.000108 80
0.000104 58
0.000145 64
0.000061 65
0.000180 70
0.000101 70
0.000105 65
0.000112 74
0.000118 79
0.000107 71
0.000102 77
0.000145 73
0.000100 80
0.000108 74
0.000066 77
0.000163 80
0.000104 78
0.000105 74
0.000108 78
0.000103 77
0.000150 74
0.000117 71
0.000145 71
0.000046 81
0.000123 75
0.000171 75
0.000168 71
0.001461 73
0.000541 75
0.001843 73
0.000074 72
0.000273 72
0.000153 77
0.000139 77
0.000155 75
0.003708 79
0.001179 71
0.000689 71
0.000380 81
0.000650 84
0.000457 87
0.000391 83
0.000578 86
0.000433 81
0.001358 79
0.000548 52
0.000256 64
0.000583 60
0.000624 58
0.000562 63
0.001452 64
0.001024 65
0.026642 64
0.026278 65
0.000045 64
0.000115 65
0.000110 69
0.000146 65
0.000091 66
0.000091 56
0.000095 66
0.000092 63
0.000103 64
0.000092 68
0.000093 67
0.000092 69
0.000090 65
0.000091 77
0.000091 76
0.000090 67
0.000106 70
0.000092 74
0.000102 70
0.000048 67
0.000143 67
0.000089 77
0.000090 70
0.000090 67
0.000090 77
0.000091 83
0.000090 79
0.000090 77
0.000089 75
0.000103 46
0.000088 130
0.000123 32
0.845490 61
0.006589 275
0.158314 88
0.141919 135
0.112575 1173
0.046294 50
0.094413 1949
0.646832 41
0.029921 69
0.107489 59
0.001282 49
0.122719 145
0.207288 93
0.164043 62
0.131779 78
0.203276 68
0.252830 68
0.112748 76
0.066316 57
0.218980 59
0.104476 57
0.081921 64
0.250403 60
0.295001 60
0.150939 62
0.223808 56
0.057125 62
0.237951 54
0.178037 59
0.229425 63
0.209634 58
0.208776 55
0.263648 59
0.214882 61
0.159881 60
0.280470 71
0.203638 71
0.180482 61
0.240113 58
0.153694 58
0.200093 55
0.162964 62
0.144663 59
0.209830 60
0.193893 68
0.111624 64
0.245226 64
0.144202 57
0.136738 62
0.204679 63
0.164530 57
0.191653 58
0.139756 61
0.174701 66
0.163411 62
0.154587 68
0.126200 62
0.137592 61
0.106248 68
0.101477 63
0.105735 63
0.093283 63
0.133547 72
0.093650 67
0.088422 67
0.125171 59
0.103606 65
0.114407 65
0.124437 61
0.162078 61
0.135207 57
0.106155 58
0.057993 71
0.133864 66
0.145925 59
0.107069 60
0.106812 65
0.151065 62
0.099611 57
0.132266 57
0.120359 61
0.117778 68
0.123569 58
0.137298 58
0.179801 58
0.075059 55
0.106226 68
0.084092 77
0.155443 62
0.218937 61
0.145024 62
0.138956 57
0.113781 67
0.131423 56
0.134395 57
0.122542 58
0.173051 70
0.165398 57
0.129670 62
0.144129 79
0.153061 65
0.124949 59
0.126376 74
0.161564 78
0.381933 140
0.147716 79
0.149658 74
0.129914 63
0.133922 64
0.129342 68
0.087542 75
0.136378 69
0.160819 78
0.196106 84
0.144449 68
0.144126 62
0.314896 61
0.128973 65
0.275890 64
0.194645 61
0.101991 48
4.109136 26
0.004279 47
0.004556 43
0.004283 55
0.003418 58
0.004810 55
0.001276 26
0.001432 59
0.001035 64
0.000250 74
0.019712 68
0.008729 77
0.000185 64
0.000610 76
0.000496 83
0.000133 106
0.000448 91
0.000119 95
0.000129 91
0.000098 89
0.000098 26
0.000417 32
0.000432 47
0.000479 89
0.000158 512
0.000078 53
0.000101 43
0.804451 512
0.000137 55
0.000162 45
0.600552 512
0.006568 58
0.002732 48
0.394437 512
0.004374 57
0.001113 47
0.367385 512
0.031184 56
0.002195 46
0.279551 512
0.000115 56
0.000113 46
0.818718 512
0.015903 55
0.013542 45
0.508247 569
0.000021 47
0.340604 512
0.014053 64
0.002484 54
0.706245 618
1.079641 512
0.000047 20
0.000013 37
0.000089 47
0.575300 512
0.000296 62
0.000216 52
0.507819 512
0.000214 56
0.000163 46
0.776685 512
0.004047 102
0.765810 512
0.000631 57
0.012408 47
0.387250 512
0.011543 114
0.276230 512
0.000229 55
0.000168 45
0.464246 512
0.010192 56
0.001496 46
0.593302 512
0.000132 58
0.000116 48
0.457255 512
0.000223 62
0.000187 52
0.349850 512
0.000293 56
0.000296 46
0.897819 512
0.000210 57
0.000167 47
0.335314 512
0.000171 57
0.000132 47
0.426513 512
0.018562 62
0.000415 52
0.787834 512
0.000231 57
0.000205 47
0.901327 512
0.009807 60
0.001246 50
0.410854 512
0.003292 58
0.001361 48
0.349623 512
0.017115 59
0.011471 49
0.311548 512
0.013010 61
0.012865 51
0.906644 512
0.000210 58
0.000155 48
0.524206 622
2.078146 636
0.813854 616
0.555752 634
0.471525 618
0.337915 512
0.000047 58
0.000063 48
0.615612 630
0.264564 512
0.000049 65
0.000065 55
0.263901 512
0.000071 65
0.000081 55
0.492086 512
0.000449 114
0.549571 512
0.000031 66
0.000090 56
0.340982 628
0.582834 620
0.311497 622
0.366573 622
0.458020 622
0.438618 624
0.330863 620
0.382162 634
0.401373 628
0.303687 620
0.422831 636
0.384990 628
0.366428 646
0.507361 626
0.441742 622
0.420329 626
0.456845 624
0.277639 634
0.433963 636
0.459202 632
0.431004 620
0.187316 624
0.201946 638
0.808358 632
0.351577 648
0.606691 652
0.411062 640
0.356983 628
0.547681 634
0.384446 636
0.386514 512
0.000056 64
0.000092 54
0.358134 634
1.684824 512
0.000124 75
0.000134 65
1.189275 616
0.624431 661
1.092278 685
1.529377 559
0.000072 73
0.000078 63
0.597367 677
1.428615 673
0.915179 559
0.000128 75
0.000129 65
1.014572 559
0.000063 69
0.000085 59
0.686473 559
0.000047 66
0.000062 56
1.190547 559
0.000061 63
0.000066 53
1.024297 679
1.991104 703
0.752970 683
1.082400 701
0.439353 703
0.529533 721
0.528305 701
0.973105 717
0.559601 715
0.675958 707
0.356249 713
1.223305 721
0.720716 713
0.696232 723
0.321261 719
0.484850 719
0.624745 721
0.539729 699
0.325060 731
0.433917 717
0.651465 673
1.864083 685
0.484333 687
0.381311 697
0.390601 559
0.000073 74
0.000080 64
0.422544 687
0.504034 559
0.000094 20
0.000008 58
0.000153 68
0.358807 715
0.465073 699
0.694592 711
0.758594 703
0.580124 717
0.553541 705
0.492756 711
0.491341 717
0.503333 713
0.457234 705
0.513065 713
0.610181 711
0.664566 705
0.459533 699
0.799354 699
0.396307 559
0.000325 160
0.569015 707
0.650378 707
0.560172 699
0.608365 703
1.536686 707
1.236902 703
1.001821 559
0.000017 76
0.000088 66
0.913342 701
1.736079 711
0.591161 711
0.365495 707
0.561289 715
0.417400 699
0.397794 699
1.403332 719
0.723033 725
0.338294 731
0.587303 559
0.000109 87
0.000129 77
0.646656 559
0.000021 90
0.000099 80
0.546080 719
0.461431 715
0.425965 626
0.665663 650
0.621562 642
0.795388 638
0.713875 648
0.465798 524
0.000302 126
0.547839 593
0.000053 59
0.603131 650
0.608003 652
0.757707 650
0.434930 652
0.684295 660
0.945778 524
0.000073 69
0.000100 59
0.771443 524
0.000031 70
0.000147 60
0.544986 636
0.631037 656
0.919563 650
0.895213 652
0.574453 660
0.723278 658
0.650674 662
0.867810 526
0.000060 69
0.000149 59
0.613424 526
0.000074 81
0.000126 71
0.650530 676
0.533050 526
0.000091 71
0.000100 61
0.610028 526
0.000021 74
0.000324 64
0.546011 526
0.000101 78
0.000104 68
0.367980 664
0.494047 526
0.000159 71
0.000219 61
0.843814 658
0.799944 678
0.532999 526
0.000079 74
0.000090 64
0.441740 526
0.000085 71
0.000091 61
0.511321 678
0.541472 526
0.000114 87
0.000060 77
0.309803 526
0.000119 83
0.000098 73
0.517961 526
0.000205 152
0.389051 674
0.664217 607
0.441624 2183
0.000053 56
0.000012 2
0.000070 60
0.000011 2
0.000069 57
0.000010 2
0.000069 53
0.000011 2
0.000068 54
0.000010 2
0.000069 54
0.000011 2
0.000068 54
0.000010 2
0.000081 55
0.000010 2
0.000104 53
0.000011 2
0.000075 60
0.000011 2
0.000067 57
0.000010 2
0.000066 53
0.000011 2
0.000066 61
0.000010 2
0.000065 57
0.000011 2
0.000066 66
0.000010 2
0.000066 56
0.000040 2
0.000071 54
0.000010 2
0.000066 56
0.000011 2
0.000065 55
0.000011 2
0.000075 60
0.000011 2
0.000202 61
0.000011 2
0.000078 59
0.000010 2
0.000070 53
0.000010 2
0.000069 55
0.000011 2
0.000066 62
0.000010 2
0.000067 59
0.000010 2
0.000067 67
0.000010 2
0.000067 69
0.000010 2
0.000067 63
0.000010 2
0.000066 57
0.000011 2
0.000090 60
0.000013 2
0.000084 61
0.000011 2
0.000069 58
0.000010 2
0.000081 60
0.000011 2
0.000067 69
0.000010 2
0.000066 51
0.000010 2
0.000066 50
0.000010 2
0.000065 62
0.000010 2
0.000067 67
0.000010 2
0.000066 58
0.000010 2
0.000066 56
0.000010 2
0.000066 69
0.000010 2
0.000083 63
0.000012 2
0.000094 60
0.000011 2
0.000068 57
0.000010 2
0.000067 59
0.000010 2
0.000068 71
0.000010 2
0.000067 61
0.000010 2
0.000067 70
0.000010 2
0.000067 71
0.000010 2
0.000067 80
0.000010 2
0.000067 70
0.000010 2
0.000065 78
0.000010 2
0.000067 77
0.000011 2
0.000081 73
0.000013 2
0.000201 76
0.000011 2
0.000082 80
0.000010 2
0.000072 76
0.000010 2
0.000070 81
0.000010 2
0.000070 79
0.000010 2
0.000068 79
0.000011 2
0.000068 80
0.000010 2
0.000067 69
0.000011 2
0.000068 85
0.000010 2
0.000084 78
0.000037 2
0.000093 56
0.000012 2
0.000069 62
0.000010 2
0.000068 63
0.000010 2
0.000066 68
0.000010 2
0.000069 68
0.000009 2
0.000067 63
0.000010 2
0.000068 72
0.000010 2
0.000068 77
0.000010 2
0.000067 69
0.000010 2
0.000067 75
0.000010 2
0.000067 71
0.000010 2
0.000081 78
0.000012 2
0.000091 72
0.000011 2
0.000133 75
0.000016 2
0.000084 78
0.000011 2
0.000070 76
0.000010 2
0.000069 72
0.000010 2
0.000067 76
0.000010 2
0.000068 75
0.000010 2
0.000067 72
0.000010 2
0.000067 69
0.000010 2
0.000067 69
0.000010 2
0.000161 79
0.000032 2
0.000093 73
0.000010 2
0.000073 73
0.000010 2
0.000068 69
0.000011 2
0.000069 71
0.000010 2
0.000069 73
0.000010 2
0.000069 71
0.000010 2
0.000089 70
0.000010 2
0.000069 70
0.000794 2
0.000152 75
0.000011 2
0.000072 75
0.000010 2
0.000070 73
0.000010 2
0.000183 77
0.000011 2
0.000080 69
0.000010 2
0.000069 69
0.000010 2
0.000069 79
0.000010 2
0.000070 82
0.000011 2
0.000069 85
0.000010 2
0.000069 81
0.000010 2
0.000070 84
0.001661 2
0.000236 79
0.000011 2
0.000118 77
0.000010 2
0.000094 50
0.000364 2
0.000167 62
0.000011 2
0.000079 58
0.000010 2
0.000072 56
0.000011 2
0.000071 61
0.000753 2
0.000139 62
0.000011 2
0.000076 63
0.000010 2
0.000071 62
0.000011 2
0.000069 63
0.000011 2
0.000070 62
0.000010 2
0.000123 63
0.000011 2
0.000111 67
0.000010 2
0.000076 63
0.000010 2
0.000087 64
0.000010 2
0.000070 54
0.001660 2
0.000222 64
0.000012 2
0.000079 61
0.000011 2
0.000072 62
0.000010 2
0.000071 66
0.000011 2
0.000071 65
0.000010 2
0.000129 67
0.000285 2
0.000090 63
0.000011 2
0.000072 75
0.000011 2
0.000070 74
0.000837 2
0.000190 65
0.000011 2
0.000079 68
0.000011 2
0.000100 72
0.000012 2
0.000076 68
0.000010 2
0.000070 65
0.000010 2
0.000093 65
0.000014 2
0.000115 75
0.000011 2
0.000071 68
0.000010 2
0.000069 65
0.000010 2
0.000067 75
0.000010 2
0.000069 81
0.005995 441
0.527727 61
0.000112 68
0.000122 72
0.000111 80
0.000109 55
0.074449 88
0.005808 34
0.504421 81
0.018989 37
0.000146 51
0.000151 97
0.000137 89
0.064621 91
0.127010 61
0.003532 88
0.004401 43
0.004197 98
0.007232 131
0.001295 64
0.084012 89
0.023844 179
0.005690 101
0.005218 104
0.023822 318
0.108078 111
0.001032 102
0.001343 105
0.000983 216
0.000490 108
0.004484 992
0.008693 366
0.000537 48
0.000076 114
0.001339 230
0.049788 160
0.000515 113
0.000053 126
0.000354 130
0.000328 100
0.000061 103
0.000315 106
0.000063 109
0.091694 1717
0.014428 116
0.006830 124
0.089408 166
0.093042 59
0.000082 32
0.000135 127
0.000463 185
0.027346 117
0.112101 115
0.000057 164
0.000189 181
0.000116 187
0.000140 123
0.102075 370
0.007731 145
0.015979 196
0.000393 2
0.082981 208
0.015188 116
0.006597 164
0.254903 177
0.116632 112
0.002190 110
0.004743 2
0.038746 460
0.941678 122
3.111742 128
3.501848 92
0.163177 37
0.107898 56
0.247042 60
0.136295 144
0.132056 53
0.001089 80
1.284529 68
0.079817 60
0.135314 64
0.002625 67
0.243485 79
0.008749 37
0.005998 51
0.005493 41
0.000022 2
0.005850 106
0.008163 64
0.011068 59
0.066785 66
0.000627 41
0.000539 34
0.038091 73
0.943216 156
0.000305 75
0.005416 153
0.000276 61
0.000189 57
0.000177 58
0.000147 59
0.000174 801
0.000135 83
0.142923 534
0.978910 93
1.755708 103
0.119539 79
0.022307 229
0.002511 34
0.365495 76
6.798597 105
0.800314 48
0.099509 106
0.007400 105
0.013592 106
0.012418 37
0.009855 105
0.003396 435
1.384176 104
1.127165 53
0.160045 45
0.451315 105
4.593565 105
0.374809 105
1.157529 105
0.009920 96
0.004342 26
0.000181 49
0.000110 26
0.000125 80
0.000114 54
0.000133 26
0.000122 80
0.000118 62
0.000716 61
0.000180 26
0.000215 78
0.000207 55
0.000125 26
0.000160 96
0.000160 26
4.979928 105
0.000867 62
0.000301 59
0.002174 26
0.002507 35
0.646335 81
0.000348 118
0.003843 97
0.001610 62
0.000142 125
0.000278 50
0.001060 52
0.015910 41
0.003276 64
0.004744 111
0.003953 70
0.005086 26
0.005835 118
0.007285 170
0.023388 115
0.037061 247
0.000128 33
0.000150 68
0.000194 69
0.006425 75
0.001214 77
0.000639 71
0.105746 35
0.002778 71
0.004867 72
0.005037 103
0.141552 222
0.008579 2
0.653688 129
0.201428 119
0.749638 72
0.001244 75
0.005219 113
0.006773 26
0.538723 102
0.120977 102
0.150903 102
0.137554 102
0.128779 102
0.000196 102
0.138668 100
0.003295 2
0.005654 102
0.002123 102
0.135884 204
0.181756 102
0.007441 102
0.000175 102
0.008910 101
0.084156 101
0.000292 101
0.000167 101
0.000149 101
0.000138 101
0.116482 101
0.134046 101
0.181171 101
0.000311 101
0.000374 101
0.004462 101
0.005537 101
0.003298 101
0.009071 303
0.374535 101
0.000913 101
0.010045 101
0.005322 101
0.005705 101
0.006985 101
0.031514 101
0.000214 101
0.056277 909
0.140471 101
0.090717 101
0.036521 505
0.101034 101
0.110668 303
0.017344 303
0.023719 101
0.000169 101
0.000138 101
0.000065 101
0.042024 101
0.137172 202
0.081661 202
0.116694 707
0.037392 303
0.057353 202
0.069621 101
0.019105 101
0.018128 202
0.082360 202
0.005345 303
0.059654 101
0.067821 505
0.096328 719
0.657468 48
0.000185 58
0.000155 91
0.000158 46
0.000136 55
0.000233 39
0.210136 82
0.365166 90
0.000186 92
0.116244 105
0.005983 103
0.120400 32
0.000222 67
0.000162 32
0.000149 65
0.000136 59
0.000121 33
0.000117 33
0.000551 184
1.434819 68
4.733236 101
0.001701 140
1.175971 105
0.585472 48
0.000245 106
0.000174 105
0.001111 106
0.003806 37
0.000503 105
0.005600 50
0.000096 105
0.000412 105
0.002085 26
0.000412 45
0.000482 106
0.001957 45
0.000369 26
0.000234 52
0.000252 46
0.000272 47
0.371956 101
1.927715 101
0.078550 101
0.116555 207
0.111139 51
0.300652 104
0.982747 53
0.025079 45
0.711942 105
0.201036 105
0.213865 105
1.382488 105
0.383920 105
3.086182 105
0.009675 105
0.002071 105
0.656211 105
0.013944 26
0.005913 36
0.006826 102
0.008729 69
0.000125 26
0.000142 35
0.859190 8
0.000189 74
0.000933 2
0.004237 9
0.000178 8
0.000084 74
0.000215 2
0.004131 9
0.000189 8
0.000084 74
0.000210 2
0.004102 9
0.000200 8
0.000104 74
0.000658 2
0.018987 184
5.672562 1
0.209606 1
0.398362 1
0.424402 4
0.415411 1
0.215341 1
1.668187 17
